#  Z   N   A Sym   L  J   P     Sn      D(RIPL-3)    Err        D(BNL)       Err       Gg(RIPL-3)    Err        Gg(BNL)       Err       S(RIPL-3)     Err        S(BNL)       Err
# []  []  []  []  []  []  []   [MeV]      [eV]       [eV]        [eV]        [eV]        [eV]        [eV]        [eV]        [eV]        [1E-4]      [1E-4]      [1E-4]      [1E-4]
  11  12  23  Na   0  1.5 +     6.959   1.000E+05   2.000E+04   1.220E+05   3.000E+04                                                   2.500E-01   1.500E-01   3.600E-01   2.500E-01
  12  12  24  Mg   0  0.0 +     7.330   4.800E+05   7.000E+04                                                                                                                        
  12  13  25  Mg   0  2.5 +    11.093   5.000E+04   1.000E+04                                                                                                   3.500E+00   1.400E+00
  12  14  26  Mg   0  0.0 +     6.443   2.100E+05   8.000E+04                                                                                                                        
  13  14  27  Al   0  2.5 +     7.725   5.500E+04   6.000E+03   5.300E+04   7.000E+03   1.600E+00   4.000E-01   1.610E+00   3.600E-01   2.300E+00   5.000E-01   2.800E+00   1.200E+00
  14  14  28  Si   0  0.0 +     8.473   3.320E+05   3.500E+04   3.320E+05   3.500E+04                                                   5.000E-01   2.400E-01   5.000E-01   2.400E-01
  14  15  29  Si   0  0.5 +    10.609   1.930E+05   2.200E+04                                                                                                                        
  14  16  30  Si   0  0.0 +     6.587   2.250E+05   3.000E+04                                                                                                                        
  15  16  31  P    0  0.5 +     7.935   5.000E+04   1.200E+04   5.490E+04   1.040E+04   2.000E+00   4.000E-01                           4.200E-01   2.000E-01                        
  16  16  32  S    0  0.0 +     8.641   1.900E+05   6.000E+04   1.790E+05   2.900E+04   2.000E+00   9.000E-01   2.150E+00   1.170E+00   7.500E-01   2.500E-01   3.300E-01   1.500E-01
  16  17  33  S    0  1.5 +    11.417   2.100E+04   1.000E+04                                                                                                                        
  16  18  34  S    0  0.0 +     6.985   1.100E+05   4.000E+04   1.110E+05   4.000E+04                                                                           8.200E-01   4.200E-01
  17  18  35  Cl   0  1.5 +     8.579   2.300E+04   6.000E+03   2.230E+04   2.500E+03   4.500E-01   6.000E-02   4.460E-01   3.200E-02   3.300E-01   1.500E-01   5.300E-01   1.600E-01
  17  20  37  Cl   0  1.5 +     6.107   1.500E+04   4.000E+03                                                                           6.000E-01   2.200E-01   7.000E-01   2.700E-01
  18  22  40  Ar   0  0.0 +     6.099   5.200E+04   4.700E+03   5.190E+04   2.300E+03                                                   1.900E+00   5.000E-01   4.200E-01   1.200E-01
  19  20  39  K    0  1.5 +     7.799   1.300E+04   3.000E+03   8.000E+03   8.000E+02   1.000E+00   5.000E-01   1.000E+00   5.400E-01   7.500E-01   2.600E-01   7.500E-01   3.300E-01
  19  21  40  K    0  4.0 -    10.096                           8.400E+02   9.000E+01                                                                                                
  19  22  41  K    0  1.5 +     7.533   1.000E+04   3.000E+03                           9.400E-01   1.800E-01   9.400E-01   1.800E-01   5.000E-01   2.000E-01                        
  20  20  40  Ca   0  0.0 +     8.363   4.500E+04   4.000E+03   4.500E+04   4.000E+03   1.500E+00   9.000E-01   1.500E+00   9.000E-01   2.700E+00   7.000E-01   2.700E+00   7.000E-01
  20  22  42  Ca   0  0.0 +     7.933   2.000E+04   5.000E+03   1.490E+04   1.200E+03   1.100E+00   2.000E-01   1.100E+00   2.000E-01   2.500E+00   5.000E-01   2.700E+00   3.000E-01
  20  23  43  Ca   0  3.5 -    11.131   1.800E+03   3.000E+02   1.500E+03   2.000E+02   7.500E-01   4.000E-02   7.500E-01   4.000E-02   3.600E+00   6.000E-01   3.300E+00   3.000E-01
  20  24  44  Ca   0  0.0 +     7.414   2.410E+04   3.200E+03   2.570E+04   2.800E+03   1.300E+00   4.000E-01   1.300E+00   4.000E-01   2.400E+00   5.000E-01   2.400E+00   5.000E-01
  20  28  48  Ca   0  0.0 +     5.146                                                                                                                           7.000E-02   5.000E-02
  21  24  45  Sc   0  3.5 -     8.761   1.300E+03   1.000E+02   1.030E+03   5.000E+01   8.400E-01   4.600E-01   8.700E-01   4.900E-01   4.400E+00   6.000E-01   4.200E+00   6.000E-01
  22  24  46  Ti   0  0.0 +     8.881   2.500E+04   4.000E+03   2.000E+04   3.000E+03   1.400E+00   4.000E-01   1.380E+00   0.000E+00   2.600E+00   6.000E-01   3.400E+00   1.200E+00
  22  25  47  Ti   0  2.5 -    11.626   1.750E+03   2.500E+02   1.640E+03   1.300E+02   1.200E+00   4.000E-01   1.190E+00   4.800E-01   2.800E+00   6.000E-01   3.550E+00   7.900E-01
  22  26  48  Ti   0  0.0 +     8.142   2.080E+04   2.500E+03   2.080E+04   2.500E+03   2.300E+00   1.400E-01   2.300E+00   1.400E+00   4.000E+00   1.300E+00   4.000E+00   1.300E+00
  22  27  49  Ti   0  3.5 -    10.939   4.000E+03   8.000E+02   4.520E+03   3.100E+02   8.100E-01   2.400E-01   7.400E-01   3.300E-01   3.000E+00   5.000E-01   4.300E+00   8.000E-01
  22  28  50  Ti   0  0.0 +     6.372   2.490E+04   1.600E+03                                                                                                                        
  23  26  49  V    0  3.5 -     9.332                           1.760E+03   1.800E+02                                                                           7.400E+00   2.200E+00
  23  27  50  V    0  6.0 +    11.051   2.000E+03   1.000E+02   1.760E+03   1.800E+02   6.000E-01   2.000E-01                           4.500E+00   8.000E-01   7.400E+00   2.200E+00
  23  28  51  V    0  3.5 -     7.311   4.000E+03   6.000E+02   3.950E+03   2.700E+02   1.500E+00   3.000E-01   1.340E+00   0.000E+00   7.100E+00   1.500E+00   8.500E+00   1.700E+00
  24  26  50  Cr   0  0.0 +     9.261   1.250E+04   1.200E+03   1.400E+04   1.000E+03   1.100E+00   4.000E-01   1.100E+00   0.000E+00   3.800E+00   4.000E-01   4.550E+00   9.100E-01
  24  28  52  Cr   0  0.0 +     7.939   3.200E+04   3.500E+03   3.490E+04   3.200E+03   2.000E+00   5.000E-01   2.000E+00   0.000E+00   3.300E+00   5.000E-01   4.100E+00   1.080E+00
  24  29  53  Cr   0  1.5 -     9.718   6.700E+03   6.000E+02   5.960E+03   4.700E+02   1.400E+00   5.000E-01   1.560E+00   4.000E-01   5.100E+00   1.000E+00   5.720E+00   8.500E-01
  24  30  54  Cr   0  0.0 +     6.246   5.000E+04   8.000E+03   3.860E+04   2.400E+03   1.500E+00   5.000E-01   1.500E+00   0.000E+00   2.300E+00   7.000E-01   2.450E+00   4.600E-01
  25  30  55  Mn   0  2.5 -     7.270   2.300E+03   4.000E+02   2.420E+03   1.500E+02   7.500E-01   1.500E-01   7.500E-01   1.500E-01   4.400E+00   6.000E-01   4.200E+00   8.000E-01
  26  28  54  Fe   0  0.0 +     9.297   2.050E+04   1.400E+03   1.550E+04   1.000E+03   1.600E+00   7.000E-01   1.550E+00   4.000E-01   6.600E+00   1.000E+00   5.200E+00   1.000E+00
  26  30  56  Fe   0  0.0 +     7.646   2.540E+04   2.200E+03   2.200E+04   1.700E+03   9.200E-01   4.100E-01   9.000E-01   4.700E-01   2.300E+00   6.000E-01   2.260E+00   5.000E-01
  26  31  57  Fe   0  0.5 -    10.044   7.050E+03   7.000E+02   7.050E+03   6.700E+02   1.850E+00   5.000E-01   1.830E+00   1.090E+00   5.000E+00   7.000E-01   2.840E+00   4.100E-01
  26  32  58  Fe   0  0.0 +     6.581   2.160E+04   2.600E+03   2.760E+04   2.600E+03   1.130E+00   1.100E-01   1.130E+00   1.100E-01   3.650E+00   1.250E+00   3.650E+00   1.250E+00
  27  32  59  Co   0  3.5 -     7.491   1.450E+03   1.500E+02   1.390E+03   7.000E+01   5.400E-01   5.000E-02   5.400E-01   4.000E-02   3.500E+00   5.000E-01   4.200E+00   6.000E-01
  28  30  58  Ni   0  0.0 +     8.999   1.340E+04   9.000E+02   1.292E+04   8.300E+02   2.030E+00   8.000E-01   2.030E+00   1.150E+00   3.200E+00   6.000E-01   3.790E+00   6.900E-01
  28  31  59  Ni   0  1.5 -    11.387   2.000E+03   7.000E+02                           2.200E+00   7.000E-01   2.210E+00   3.600E-01   3.600E+00   1.100E+00                        
  28  32  60  Ni   0  0.0 +     7.820   1.380E+04   9.000E+02   1.450E+04   1.300E+03   1.120E+00   2.000E-01   1.160E+00   3.600E-01   2.400E+00   5.000E-01   3.170E+00   7.000E-01
  28  33  61  Ni   0  1.5 -    10.595   2.100E+03   1.500E+02   1.700E+03   1.400E+02   2.000E+00   5.000E-01   2.000E+00   3.000E-01   2.750E+00   5.500E-01   3.300E+00   7.000E-01
  28  34  62  Ni   0  0.0 +     6.838   1.600E+04   3.000E+03   1.640E+04   1.400E+03   9.100E-01   2.700E-01   9.100E-01   2.500E-01   2.700E+00   6.000E-01   2.550E+00   3.300E-01
  28  35  63  Ni   0  0.5 -     9.657                           4.400E+03   8.000E+02                           1.390E+00   8.000E-02                                                
  28  36  64  Ni   0  0.0 +     6.098   2.360E+04   3.000E+03   2.110E+04   2.000E+03   1.400E+00   7.000E-01                           3.000E+00   8.000E-01   2.600E+00   7.000E-01
  29  34  63  Cu   0  1.5 -     7.915   7.000E+02   9.000E+01   7.220E+02   4.700E+01   4.900E-01   3.000E-02   4.900E-01   3.000E-02   2.100E+00   3.000E-01   2.300E+00   2.000E-01
  29  36  65  Cu   0  1.5 -     7.065   1.300E+03   1.100E+02   1.520E+03   1.000E+02   3.850E-01   2.000E-02   3.950E-01   4.000E-02   2.200E+00   3.000E-01   2.160E+00   3.700E-01
  30  34  64  Zn   0  0.0 +     7.979   2.300E+03   3.000E+02   2.940E+03   1.300E+02   7.260E-01   6.000E-02   7.260E-01   6.000E-02   1.800E+00   3.000E-01   1.990E+00   2.500E-01
  30  36  66  Zn   0  0.0 +     7.052   4.620E+03   5.500E+02   4.700E+03   4.000E+02   3.900E-01   6.000E-02   4.000E-01   2.000E-02   2.060E+00   3.600E-01   1.900E+00   2.000E-01
  30  37  67  Zn   0  2.5 -    10.198   3.700E+02   2.000E+01   3.670E+02   1.900E+01   4.400E-01   6.000E-02   4.400E-01   6.000E-02   1.980E+00   2.800E-01   1.980E+00   2.800E-01
  30  38  68  Zn   0  0.0 +     6.482   5.560E+03   4.300E+02   3.785E+03   1.900E+02   3.200E-01   4.000E-02   3.200E-01   4.000E-02   2.010E+00   3.400E-01   2.120E+00   3.800E-01
  30  40  70  Zn   0  0.0 +     5.835   6.520E+03   4.200E+02   6.000E+03   6.000E+02   1.700E-01   3.000E-02                           1.000E+00   1.500E-01   1.580E+00   2.200E-01
  31  38  69  Ga   0  1.5 -     7.653   3.160E+02   4.100E+01   2.200E+02   2.500E+01   2.660E-01   2.000E-02   2.660E-01   1.900E-02   1.400E+00   5.000E-01   1.390E+00   5.000E-01
  31  40  71  Ga   0  1.5 -     6.520   3.800E+02   6.000E+01   2.000E+02   2.000E+01   2.300E-01   2.000E-02   2.220E-01   1.000E-02   1.400E+00   4.000E-01   1.970E+00   6.000E-01
  32  38  70  Ge   0  0.0 +     7.416   1.170E+03   2.300E+02   1.170E+03   2.300E+02   1.850E-01   5.000E-02   1.950E-01   2.000E-02   2.100E+00   7.000E-01   2.100E+00   7.000E-01
  32  40  72  Ge   0  0.0 +     6.783   1.500E+03   3.000E+02   1.190E+03   2.900E+02   1.620E-01   5.000E-02   1.500E-01   2.500E-02   1.500E+00   4.000E-01   1.390E+00   5.400E-01
  32  41  73  Ge   0  4.5 +    10.195   6.200E+01   1.500E+01   6.010E+01   6.700E+00   1.950E-01   4.500E-02   1.970E-01   6.000E-03   2.000E+00   4.000E-01   2.170E+00   5.500E-01
  32  42  74  Ge   0  0.0 +     6.506   3.000E+03   1.000E+03   3.000E+03   8.000E+02   1.950E-01   6.000E-02   1.950E-01   4.000E-02   1.500E+00   4.000E-01   2.200E+00   7.000E-01
  32  44  76  Ge   0  0.0 +     6.071   4.500E+03   1.000E+03   3.630E+03   9.000E+02   1.150E-01   3.500E-02   1.150E-01   2.500E-02   1.600E+00   5.000E-01   1.600E+00   7.000E-01
  33  42  75  As   0  1.5 -     7.328   9.000E+01   8.000E+00   8.930E+01   6.000E+00   3.000E-01   9.000E-02   3.400E-01   9.000E-03   1.600E+00   2.000E-01   1.660E+00   2.800E-01
  34  40  74  Se   0  0.0 +     8.027   3.400E+02   8.000E+01   3.000E+02   4.000E+01   2.800E-01   8.000E-02   2.490E-01   1.800E-02   3.000E+00   7.000E-01   4.600E+00   2.300E+00
  34  42  76  Se   0  0.0 +     7.419   6.500E+02   1.000E+02   5.700E+02   6.500E+01   2.300E-01   6.000E-02   2.300E-01   1.800E-02   1.800E+00   6.000E-01   2.680E+00   9.700E-01
  34  43  77  Se   0  0.5 -    10.497   1.200E+02   1.500E+01   1.100E+02   1.100E+01   3.900E-01   6.000E-02   3.900E-01   5.400E-02   1.200E+00   2.000E-01   1.490E+00   3.800E-01
  34  44  78  Se   0  0.0 +     6.962   1.500E+03   3.000E+02   1.480E+03   2.000E+02   2.300E-01   6.000E-02   1.730E-01   1.800E-02   1.300E+00   4.000E-01   1.280E+00   4.900E-01
  34  46  80  Se   0  0.0 +     6.701   2.400E+03   8.000E+02   5.000E+03   1.500E+03   2.300E-01   7.000E-02   2.300E-01   3.000E-02   1.800E+00   4.000E-01   1.610E+00   1.000E+00
  34  48  82  Se   0  0.0 +     5.818   5.000E+03   2.500E+03   9.000E+03   1.500E+03                           1.260E-01   1.500E-02                           9.000E-01   4.800E-01
  35  44  79  Br   0  1.5 -     7.892   4.700E+01   5.000E+00   4.700E+01   2.400E+00   3.000E-01   5.000E-02   3.130E-01   5.000E-03   1.400E+00   1.500E-01   1.450E+00   2.400E-01
  35  46  81  Br   0  1.5 -     7.593   1.000E+02   1.500E+01   1.420E+02   8.000E+00   3.000E-01   5.000E-02   2.430E-01   5.000E-03   8.800E-01   1.200E-01   1.150E+00   1.900E-01
  36  42  78  Kr   0  0.0 +     8.335   2.500E+02   8.000E+01   2.300E+02   6.000E+01                           2.350E-01   3.500E-02                                                
  36  44  80  Kr   0  0.0 +     7.874   2.800E+02   8.000E+01   3.000E+02   6.000E+01   2.300E-01   6.000E-02   2.200E-01   2.200E-02   1.600E+00   8.000E-01                        
  36  46  82  Kr   0  0.0 +     7.470                           1.240E+03   1.000E+02                                                                                                
  36  47  83  Kr   0  4.5 +    10.519   2.000E+02   1.000E+02   1.380E+02   2.000E+01   2.100E-01   1.000E-01                                                                        
  36  48  84  Kr   0  0.0 +     7.112   4.000E+03   4.000E+02   4.040E+03   4.500E+02   1.600E-01   3.000E-02   1.600E-01   3.000E-02   1.330E+00   2.500E-01   4.800E-01   1.700E-01
  36  50  86  Kr   0  0.0 +     5.515   2.900E+04   1.500E+03   2.550E+04   2.200E+03   1.530E-01   2.000E-02   1.530E-01   1.800E-02   7.000E-01   2.000E-01   7.000E-01   1.700E-01
  37  48  85  Rb   0  2.5 -     8.651   1.720E+02   8.000E+00   1.720E+02   8.000E+00   2.500E-01   1.000E-02   2.500E-01   8.000E-03   1.030E+00   1.500E-01   1.030E+00   1.500E-01
  37  50  87  Rb   0  1.5 -     6.082   1.630E+03   1.500E+02   2.030E+03   2.100E+02   1.700E-01   3.000E-02   1.600E-01   3.000E-02   1.220E+00   1.500E-01   1.700E+00   5.000E-01
  38  46  84  Sr   0  0.0 +     8.524   3.200E+02   1.200E+02   3.830E+02   1.300E+02   2.400E-01   8.000E-02   2.350E-01   2.000E-02   8.000E-01   3.000E-01   8.700E-01   3.900E-01
  38  48  86  Sr   0  0.0 +     8.428   2.600E+03   8.000E+02   2.500E+03   3.000E+02   2.600E-01   8.000E-02                           7.000E-01   2.000E-01   6.200E-01   1.000E-01
  38  49  87  Sr   0  4.5 +    11.113   2.900E+02   8.000E+01   2.680E+02   5.400E+01   1.500E-01   4.000E-02   1.500E-01   3.000E-02   3.400E-01   6.000E-02   5.000E-01   1.800E-01
  38  50  88  Sr   0  0.0 +     6.358   2.370E+04   2.900E+03   2.500E+04   5.000E+03   1.900E-01   5.000E-02   1.900E-01   1.200E-01   3.200E-01   6.000E-02   3.200E-01   6.000E-02
  39  50  89  Y    0  0.5 -     6.857   3.700E+03   4.000E+02   3.800E+03   2.200E+02   1.300E-01   4.000E-02   1.340E-01   1.000E-02   3.300E-01   6.000E-02   3.300E-01   5.000E-02
  40  50  90  Zr   0  0.0 +     7.194   6.000E+03   1.400E+03   6.670E+03   8.600E+02   1.300E-01   2.000E-02   1.700E-01   2.000E-02   5.400E-01   1.000E-01   6.100E-01   1.300E-01
  40  51  91  Zr   0  2.5 +     8.634   5.500E+02   1.000E+02   5.360E+02   4.800E+01   1.400E-01   4.000E-02   1.220E-01   1.600E-02   4.300E-01   8.000E-02   5.500E-01   1.500E-01
  40  52  92  Zr   0  0.0 +     6.734   3.500E+03   8.000E+02   3.800E+03   5.100E+02   1.350E-01   2.500E-02   1.110E-01   2.900E-02   7.000E-01   1.500E-01   5.000E-01   1.000E-01
  40  53  93  Zr   0  2.5 +     8.218   3.020E+02   7.500E+01   2.930E+02   7.500E+01   1.570E-01   2.000E-02   1.570E-01   2.000E-02   4.300E-01   1.800E-01   4.300E-01   1.800E-01
  40  54  94  Zr   0  0.0 +     6.462   4.000E+03   8.000E+02   4.000E+03   7.300E+02   8.500E-02   2.000E-02   8.500E-02   2.000E-02   5.200E-01   1.000E-01   6.400E-01   2.000E-01
  40  56  96  Zr   0  0.0 +     5.569   1.300E+04   3.000E+03   1.280E+04   2.000E+03   6.500E-02   1.500E-02   7.100E-02   8.000E-03   3.000E-01   1.500E-01   3.400E-01   1.400E-01
  41  52  93  Nb   0  4.5 +     7.227   9.400E+01   1.000E+01   9.560E+01   4.600E+00   1.700E-01   1.000E-02   1.730E-01   4.000E-03   4.500E-01   7.000E-02   6.200E-01   9.000E-02
  42  50  92  Mo   0  0.0 +     8.069   2.700E+03   5.000E+02   2.800E+03   4.850E+02   1.600E-01   1.500E-02   1.550E-01   9.000E-03   5.600E-01   7.000E-02   6.400E-01   2.400E-01
  42  52  94  Mo   0  0.0 +     7.369   1.320E+03   1.800E+02   1.694E+03   3.900E+02   1.350E-01   1.500E-02   1.370E-01   9.000E-03   4.400E-01   8.000E-02   7.000E-01   3.400E-01
  42  53  95  Mo   0  2.5 +     9.154   8.100E+01   1.400E+01   7.730E+01   8.300E+00   1.620E-01   1.000E-02   1.620E-01   7.000E-03   4.700E-01   1.700E-01   5.700E-01   2.500E-01
  42  54  96  Mo   0  0.0 +     6.821   1.050E+03   2.000E+02   1.010E+03   2.500E+02   1.000E-01   1.500E-02   1.070E-01   9.000E-03   6.200E-01   1.200E-01   6.300E-01   3.000E-01
  42  55  97  Mo   0  2.5 +     8.642   6.000E+01   1.000E+01   5.780E+01   8.000E+00   1.300E-01   2.000E-02   1.390E-01   2.000E-02   3.700E-01   7.000E-02   4.600E-01   1.400E-01
  42  56  98  Mo   0  0.0 +     5.925   1.000E+03   2.000E+02   9.700E+02   2.000E+02   8.500E-02   1.000E-02   7.200E-02   1.300E-02   4.800E-01   9.000E-02   5.800E-01   1.300E-01
  42  58 100  Mo   0  0.0 +     5.398   6.200E+02   1.000E+02   6.170E+02   7.000E+01   6.500E-02   5.000E-03   6.400E-02   4.000E-03   7.000E-01   1.000E-01   8.000E-01   2.200E-01
  43  56  99  Tc   0  4.5 +     6.764   1.400E+01   1.200E+00   1.280E+01   5.000E-01   1.400E-01   1.500E-02   1.370E-01   8.000E-03   5.000E-01   6.000E-02   5.200E-01   6.000E-02
  44  55  99  Ru   0  2.5 +     9.673   2.500E+01   4.000E+00   2.200E+01   2.100E+00   1.950E-01   2.000E-02   1.940E-01   1.000E-02   6.700E-01   1.200E-01   7.400E-01   1.800E-01
  44  56 100  Ru   0  0.0 +     6.802   3.450E+02   6.000E+01                                                   1.190E-01   1.500E-02                           7.000E-01   2.000E-01
  44  57 101  Ru   0  2.5 +     9.219   1.800E+01   3.000E+00   1.850E+01   1.900E+00   1.800E-01   1.500E-02   1.830E-01   1.500E-02   5.600E-01   5.000E-02   5.900E-01   4.000E-02
  44  58 102  Ru   0  0.0 +     6.232   2.800E+02   5.000E+01                           1.000E-01   1.500E-02   1.040E-01   2.400E-02   5.600E-01   1.000E-01   6.200E-01   2.000E-01
  44  60 104  Ru   0  0.0 +     5.910   3.200E+02   6.500E+01                           1.000E-01   1.400E-02   9.900E-02   1.400E-02                                                
  45  58 103  Rh   0  0.5 -     6.998   3.200E+01   4.000E+00   2.980E+01   1.700E+00   1.600E-01   1.000E-02   1.730E-01   7.000E-03   4.700E-01   6.000E-02   5.500E-01   8.000E-02
  46  56 102  Pd   0  0.0 +     7.625                                                                           1.110E-01   1.000E-02                                                
  46  58 104  Pd   0  0.0 +     7.094   3.000E+02   6.000E+01   2.570E+02   3.500E+01   1.500E-01   2.000E-02   9.200E-02   1.600E-02   5.000E-01   1.000E-01   4.900E-01   2.600E-01
  46  59 105  Pd   0  2.5 +     9.561   1.030E+01   5.000E-01   1.090E+01   5.000E-01   1.500E-01   1.000E-02   1.510E-01   5.000E-03   6.000E-01   1.000E-01   5.600E-01   2.200E-01
  46  60 106  Pd   0  0.0 +     6.536   2.170E+02   6.000E+01   1.940E+02   2.500E+01                           8.950E-02   3.500E-03   6.000E-01   3.000E-01   4.200E-01   1.900E-01
  46  61 107  Pd   0  2.5 +     9.222   1.100E+01   8.000E-01   1.060E+01   9.000E-01   1.250E-01   2.500E-02   1.630E-01   1.100E-02   8.000E-01   1.000E-01   5.600E-01   6.000E-02
  46  62 108  Pd   0  0.0 +     6.153   1.820E+02   3.300E+01   2.230E+02   4.000E+01   8.000E-02   8.000E-03   7.700E-02   5.000E-03   9.000E-01   4.000E-01   6.000E-01   1.700E-01
  46  64 110  Pd   0  0.0 +     5.726   2.750E+02   8.000E+01   3.340E+02   4.300E+01   6.000E-02   1.000E-02   5.600E-02   3.000E-03   2.500E-01   1.500E-01   4.700E-01   1.700E-01
  47  60 107  Ag   0  0.5 -     7.271   2.800E+01   2.000E+00   2.490E+01   1.400E+00   1.400E-01   1.000E-02   1.430E-01   6.000E-03   4.600E-01   6.000E-02   4.000E-01   5.000E-02
  47  62 109  Ag   0  0.5 -     6.809   1.800E+01   1.000E+00   2.560E+01   1.500E+00   1.300E-01   1.500E-02   1.410E-01   7.000E-03   6.600E-01   7.000E-02   3.400E-01   4.000E-02
  47  63 110  Ag   0  1.0 +     8.829                           9.700E+00   1.800E+00                           1.480E-01   3.000E-02                           1.100E-01   5.000E-02
  48  58 106  Cd   0  0.0 +     7.929   1.650E+02   3.500E+01   1.350E+02   2.000E+01   1.550E-01   1.500E-02   1.570E-01   9.000E-03   1.000E+00   3.500E-01   1.200E+00   2.700E-01
  48  60 108  Cd   0  0.0 +     7.323   1.200E+02   3.000E+01   1.200E+02   3.000E+01   1.050E-01   1.000E-02   1.020E-01   8.000E-03   1.000E+00   4.000E-01   1.320E+00   2.700E-01
  48  62 110  Cd   0  0.0 +     6.975   1.550E+02   2.000E+01   1.920E+02   1.500E+01   7.100E-02   6.000E-03   7.500E-02   6.000E-03   4.500E-01   8.000E-02   3.500E-01   7.000E-02
  48  63 111  Cd   0  0.5 +     9.394   2.700E+01   2.000E+00   2.690E+01   2.100E+00   1.060E-01   1.500E-02   1.060E-01   6.000E-03   4.300E-01   7.000E-02   4.300E-01   7.000E-02
  48  64 112  Cd   0  0.0 +     6.539   1.900E+02   2.500E+01   2.050E+02   2.300E+01   7.700E-02   5.000E-03   7.700E-02   5.000E-03   5.500E-01   1.000E-01   5.100E-01   1.100E-01
  48  65 113  Cd   0  0.5 +     9.043   2.480E+01   2.600E+00   2.930E+01   2.000E+00   9.800E-02   1.000E-02   9.900E-02   1.000E-02   3.200E-01   6.000E-02   4.400E-01   6.000E-02
  48  66 114  Cd   0  0.0 +     6.140   2.100E+02   2.000E+01   2.730E+02   4.000E+01   5.400E-02   4.000E-03   5.500E-02   5.000E-03   6.400E-01   1.000E-01   5.900E-01   1.800E-01
  48  68 116  Cd   0  0.0 +     5.777   7.040E+02   2.700E+02   7.040E+02   2.700E+02   5.000E-02   5.000E-03   5.000E-02   5.000E-03   1.800E-01   1.000E-01   1.800E-01   1.000E-01
  49  64 113  In   0  4.5 +     7.274   1.070E+01   8.000E-01   1.070E+01   8.000E-01   7.500E-02   5.000E-03                           3.700E-01   8.000E-02   3.700E-01   8.000E-02
  49  66 115  In   0  4.5 +     6.785   9.500E+00   5.000E-01   1.040E+01   5.000E-01   7.700E-02   4.000E-03   7.800E-02   5.000E-03   2.600E-01   6.000E-02   4.800E-01   6.000E-02
  50  62 112  Sn   0  0.0 +     7.744   1.580E+02   4.700E+01   1.720E+02   1.000E+01   1.100E-01   2.000E-02   7.260E-02   8.000E-03   4.200E-01   2.400E-01   4.200E-01   2.400E-01
  50  64 114  Sn   0  0.0 +     7.545   2.860E+02   1.100E+02   2.400E+02   2.000E+01                                                   2.000E-01   1.000E-01   2.000E-01   1.000E-01
  50  65 115  Sn   0  0.5 +     9.563                                                                           1.180E-01   1.000E-02                           3.000E-01   2.000E-01
  50  66 116  Sn   0  0.0 +     6.943   4.500E+02   5.000E+01   5.070E+02   6.000E+01   5.200E-02   5.000E-03   5.300E-02   3.000E-03   2.500E-01   5.000E-02   2.100E-01   5.000E-02
  50  67 117  Sn   0  0.5 +     9.326   6.100E+01   7.000E+00   6.100E+01   7.000E+00   1.170E-01   2.000E-02   1.170E-01   2.000E-02   1.500E-01   4.000E-02   1.500E-01   3.000E-02
  50  68 118  Sn   0  0.0 +     6.483   7.000E+02   1.500E+01   7.000E+02   1.000E+02   4.500E-02   7.000E-03   4.500E-02   7.000E-03   4.600E-01   2.100E-01   4.600E-01   2.100E-01
  50  69 119  Sn   0  0.5 +     9.104   9.000E+01   2.000E+01   9.500E+01   1.400E+01   1.000E-01   1.600E-02   9.200E-02   1.400E-02   1.000E-01   3.000E-02   1.000E-01   3.000E-02
  50  70 120  Sn   0  0.0 +     6.170   1.250E+03   2.000E+02   1.485E+03   1.300E+02   4.000E-02   5.000E-03   3.600E-02   3.000E-03   1.000E-01   3.000E-02   1.400E-01   2.000E-02
  50  72 122  Sn   0  0.0 +     5.946   2.960E+03   1.500E+02   2.965E+03   1.450E+02                           4.900E-02   5.000E-03   1.300E-01   2.000E-02   1.300E-01   2.000E-02
  50  74 124  Sn   0  0.0 +     5.734   5.000E+03   1.000E+03   5.935E+03   6.500E+02                           5.000E-02   5.000E-03   1.500E-01   4.000E-02   1.900E-01   5.000E-02
  51  70 121  Sb   0  2.5 +     6.806   1.300E+01   2.000E+00   1.040E+01   1.100E+00   1.000E-01   2.000E-02   9.000E-02   5.000E-03   3.200E-01   6.000E-02   3.600E-01   4.000E-02
  51  72 123  Sb   0  3.5 +     6.467   2.400E+01   3.000E+00   2.400E+01   1.700E+00   1.000E-01   2.000E-02   9.740E-02   1.300E-02   2.500E-01   5.000E-02   2.900E-01   4.000E-02
  52  70 122  Te   0  0.0 +     6.929   1.460E+02   1.400E+01   1.317E+02   1.350E+01   7.400E-02   4.000E-03   7.340E-02   4.300E-03   1.220E+00   3.000E-01   1.260E+00   2.900E-01
  52  71 123  Te   0  0.5 +     9.424   2.510E+01   2.800E+00   2.230E+01   2.800E+00   1.210E-01   1.000E-02   1.220E-01   8.000E-03   9.000E-01   2.100E-01   9.000E-01   1.700E-01
  52  72 124  Te   0  0.0 +     6.569   2.200E+02   3.000E+01   2.200E+02   3.000E+01   5.900E-02   1.000E-02   5.900E-02   6.000E-03   7.000E-01   1.000E-01   5.700E-01   1.400E-01
  52  73 125  Te   0  0.5 +     9.113   4.300E+01   3.000E+00   4.000E+01   2.800E+00   1.060E-01   6.000E-03   1.060E-01   6.000E-03   5.200E-01   7.000E-02   5.900E-01   7.000E-02
  52  74 126  Te   0  0.0 +     6.288   6.400E+02   1.700E+02   6.170E+02   1.700E+02   5.300E-02   1.500E-02   5.300E-02   1.500E-02   2.800E-01   1.000E-01   2.800E-01   1.000E-01
  52  76 128  Te   0  0.0 +     6.082   1.510E+03   3.700E+02   2.250E+03   6.560E+02   3.500E-02   5.000E-03   3.700E-02   5.000E-03   2.600E-01   1.500E-01   2.600E-01   1.500E-01
  52  78 130  Te   0  0.0 +     5.929   1.500E+03   5.000E+02                                                   5.000E-02   1.500E-02                           1.600E-01   5.000E-02
  53  74 127  I    0  2.5 +     6.826   1.500E+01   2.000E+00   1.250E+01   1.000E+00   1.100E-01   1.000E-02   1.100E-01   1.000E-02   8.000E-01   2.000E-01   6.500E-01   7.000E-02
  53  76 129  I    0  3.5 +     6.500   2.000E+01   3.000E+00   2.100E+01   1.400E+00   8.700E-02   7.000E-03   9.800E-02   3.000E-03   3.500E-01   5.000E-02   5.400E-01   7.000E-02
  54  70 124  Xe   0  0.0 +     7.603                           4.300E+01   9.000E+00                                                                                                
  54  72 126  Xe   0  0.0 +     7.246                           1.080E+02   2.300E+01                                                                                                
  54  74 128  Xe   0  0.0 +     6.906   2.500E+02   1.000E+02   2.200E+02   5.000E+01                                                   8.500E-01   2.500E-01   1.050E+00   4.700E-01
  54  75 129  Xe   0  0.5 +     9.255   3.800E+01   5.000E+00   2.850E+01   2.500E+00   1.200E-01   2.000E-02                           1.000E+00   2.000E-01   1.110E+00   2.000E-01
  54  76 130  Xe   0  0.0 +     6.605   1.740E+02   2.800E+01   1.740E+02   2.800E+01                           4.840E-02   5.000E-03   1.400E+00   5.000E-01   1.330E+00   4.900E-01
  54  77 131  Xe   0  1.5 +     8.936   4.900E+01   8.000E+00   4.470E+01   5.000E+00   1.140E-01   2.000E-02   1.238E-01   4.200E-03   8.700E-01   1.500E-01   8.500E-01   2.100E-01
  54  78 132  Xe   0  0.0 +     6.436   7.500E+02   2.300E+02   7.600E+02   5.000E+01                           7.000E-02   1.000E-02                                                
  54  80 134  Xe   0  0.0 +     6.358   8.000E+02   4.000E+02   2.470E+03   2.500E+02                                                                                                
  54  82 136  Xe   0  0.0 +     4.025   2.880E+04   2.700E+03                                                                                                                        
  55  77 132  Cs   0  2.0 +     8.989                           2.000E+01   9.000E-01                           1.200E-01   3.000E-03                           7.200E-01   7.000E-02
  55  78 133  Cs   0  3.5 +     6.891   2.100E+01   2.000E+00                           1.200E-01   1.000E-02                           6.600E-01   1.000E-01                        
  55  79 134  Cs   0  4.0 +     8.762   1.600E+01   3.000E+00   3.200E+01   1.100E+01   1.600E-01   4.000E-02   1.690E-01   1.000E-02   5.400E-01   1.600E-01                        
  55  80 135  Cs   0  3.5 +     6.828   5.100E+01   2.600E+01   4.100E+01   4.000E+00   1.350E-01   3.000E-02   1.160E-01   1.000E-02                                                
  56  74 130  Ba   0  0.0 +     7.493   5.800E+01   1.000E+01   4.810E+01   6.400E+00   1.000E-01   3.000E-02   1.000E-01   2.000E-02   1.600E+00   3.000E-01   1.440E+00   3.500E-01
  56  76 132  Ba   0  0.0 +     7.190   1.100E+02   3.500E+01   1.100E+02   1.700E+01                                                                                                
  56  77 133  Ba   0  0.5 +     9.467   2.000E+01   8.000E+00   4.400E+01   1.000E+01                                                                                                
  56  78 134  Ba   0  0.0 +     6.972   3.710E+02   3.600E+01   3.600E+02   4.800E+01   7.800E-02   8.000E-03   7.900E-02   5.000E-03   1.400E+00   4.000E-01   1.640E+00   5.100E-01
  56  79 135  Ba   0  1.5 +     9.107   4.000E+01   6.000E+00   4.000E+01   3.000E+00   1.350E-01   2.500E-02   1.210E-01   9.000E-03   1.100E+00   3.000E-01   1.270E+00   1.800E-01
  56  80 136  Ba   0  0.0 +     6.905   1.210E+03   1.190E+02   1.500E+03   2.250E+02   8.600E-02   8.000E-03   8.200E-02   5.000E-03   8.600E-01   2.300E-01   5.900E-01   2.000E-01
  56  81 137  Ba   0  1.5 +     8.612   3.500E+02   5.000E+01   2.600E+02   4.000E+01   8.000E-02   1.000E-02   1.000E-01   1.000E-02   5.500E-01   1.500E-01                        
  56  82 138  Ba   0  0.0 +     4.723   1.870E+04   2.900E+03   1.190E+04   2.900E+03   5.500E-02   2.000E-02   5.500E-02   2.000E-02   6.600E-01   2.800E-01   6.600E-01   2.800E-01
  57  81 138  La   0  5.0 +     8.780   3.200E+01   6.000E+00   3.070E+01   5.000E+00   9.500E-02   2.500E-02   9.500E-02   6.000E-03   1.200E+00   4.000E-01   2.120E+00   1.090E+00
  57  82 139  La   0  3.5 +     5.161   2.200E+02   2.000E+01   2.100E+02   1.000E+01   5.500E-02   2.000E-03   5.200E-02   2.000E-03   6.000E-01   1.000E-01   5.500E-01   1.000E-01
  58  78 136  Ce   0  0.0 +     7.481   6.000E+01   2.000E+01   8.200E+01   1.500E+01                                                   2.300E+00   6.000E-01   3.600E+00   2.000E+00
  58  80 138  Ce   0  0.0 +     7.463                           1.950E+02   2.000E+01                                                                           5.300E+00   8.000E-01
  58  81 139  Ce   0  1.5 +     9.187                           3.470E+03   4.700E+02                                                                           1.160E+00   3.400E-01
  58  82 140  Ce   0  0.0 +     5.428   3.100E+03   5.000E+02                           3.500E-02   9.000E-03   4.300E-02   1.100E-02   1.200E+00   3.000E-01                        
  58  83 141  Ce   0  3.5 -     7.173   6.500E+01   2.000E+01   4.600E+01   1.500E+01                                                   1.100E+00   3.000E-01                        
  58  84 142  Ce   0  0.0 +     5.144   1.100E+03   3.000E+02   1.420E+03   1.500E+02                                                   3.400E+00   5.000E-01   2.600E+00   5.000E-01
  59  82 141  Pr   0  2.5 +     5.842   1.100E+02   2.000E+01   1.100E+02   6.000E+00   8.800E-02   9.000E-03   8.350E-02   2.500E-03   1.700E+00   3.000E-01   1.810E+00   3.100E-01
  59  84 143  Pr   0  3.5 +     5.754                           7.900E+01   3.200E+01                                                                                                
  60  82 142  Nd   0  0.0 +     6.123   1.030E+03   1.350E+02   1.035E+03   1.350E+02   6.700E-02   8.000E-03   6.700E-02   8.000E-03   1.450E+00   4.900E-01   1.250E+00   4.900E-01
  60  83 143  Nd   0  3.5 -     7.817   3.800E+01   2.000E+00   3.760E+01   2.100E+00   8.600E-02   9.000E-03   7.420E-02   1.800E-03   3.700E+00   4.000E-01   3.780E+00   5.100E-01
  60  84 144  Nd   0  0.0 +     5.755   4.500E+02   5.000E+01   4.500E+02   5.000E+01   4.700E-02   5.000E-03   5.100E-02   4.000E-03   5.100E+00   9.000E-01   5.360E+00   1.160E+00
  60  85 145  Nd   0  3.5 -     7.565   1.700E+01   2.000E+00   1.780E+01   7.000E-01   5.800E-02   7.000E-03   7.400E-02   3.000E-03   3.200E+00   4.000E-01   4.460E+00   4.400E-01
  60  86 146  Nd   0  0.0 +     5.292   3.400E+02   5.000E+01   3.460E+02   5.000E+01   5.500E-02   8.000E-03   5.400E-02   4.000E-03   3.800E+00   6.000E-01   4.780E+00   1.600E+00
  60  87 147  Nd   0  2.5 -     7.332   4.000E+00   1.500E+00   5.900E+00   1.100E+00                                                                                                
  60  88 148  Nd   0  0.0 +     5.039   1.550E+02   2.000E+01   1.650E+02   1.400E+01   4.000E-02   5.000E-03   4.500E-02   3.000E-03   3.700E+00   5.000E-01   3.960E+00   6.700E-01
  60  90 150  Nd   0  0.0 +     5.334   1.650E+02   1.500E+01   1.690E+02   1.100E+01   6.700E-02   2.500E-02   6.700E-02   2.500E-02   2.900E+00   5.000E-01   3.400E+00   4.000E-01
  61  86 147  Pm   0  3.5 +     5.895   5.200E+00   1.200E+00   6.180E+00   6.400E-01   6.900E-02   5.000E-03   6.700E-02   3.000E-03   3.100E+00   4.000E-01   3.100E+00   6.000E-01
  62  82 144  Sm   0  0.0 +     6.756   7.700E+02   4.500E+01   6.180E+02   5.000E+01   7.400E-02   5.000E-03   7.700E-02   5.000E-03   3.500E+00   9.000E-01   4.240E+00   8.600E-01
  62  85 147  Sm   0  3.5 -     8.141   5.700E+00   5.000E-01   6.050E+00   5.000E-01   6.900E-02   4.000E-03   7.300E-02   2.000E-03   4.800E+00   5.000E-01   4.950E+00   5.100E-01
  62  86 148  Sm   0  0.0 +     5.871   6.500E+01   2.000E+01   6.500E+01   1.300E+01   4.400E-02   4.000E-03   4.340E-02   2.600E-03   3.800E+00   8.000E-01   3.800E+00   1.100E+00
  62  87 149  Sm   0  3.5 -     7.986   2.400E+00   2.000E-01   1.950E+00   1.900E-01   6.200E-02   4.000E-03   6.200E-02   2.000E-03   5.900E+00   5.000E-01   4.550E+00   3.600E-01
  62  88 150  Sm   0  0.0 +     5.596   4.600E+01   8.000E+00   5.000E+01   5.000E+00   6.000E-02   5.000E-03   6.690E-02   1.400E-03   3.500E+00   6.000E-01   3.600E+00   1.100E+00
  62  89 151  Sm   0  2.5 -     8.258   1.400E+00   1.500E-01   1.310E+00   9.000E-02   9.500E-02   5.000E-03   1.016E-01   2.800E-03   3.800E+00   5.000E-01   4.000E+00   4.000E-01
  62  90 152  Sm   0  0.0 +     5.868   4.600E+01   3.000E+00   4.100E+01   2.800E+00   6.000E-02   5.000E-03   6.300E-02   5.000E-03   2.200E+00   3.000E-01   2.300E+00   3.000E-01
  62  92 154  Sm   0  0.0 +     5.806   1.140E+02   1.500E+01   1.120E+02   1.500E+01   7.900E-02   1.300E-02   9.400E-02   7.000E-03   1.900E+00   4.000E-01   2.240E+00   4.500E-01
  63  88 151  Eu   0  2.5 +     6.306   7.300E-01   7.000E-02   7.300E-01   7.000E-02   9.200E-02   1.200E-02   9.070E-02   1.500E-03   3.200E+00   4.000E-01   3.600E+00   3.000E-01
  63  89 152  Eu   0  3.0 -     8.550   5.600E-01   2.000E-01   4.200E-01   1.200E-01   1.600E-01   2.500E-02   1.600E-01   1.000E-02                           2.020E+00   7.400E-01
  63  90 153  Eu   0  2.5 +     6.442   1.100E+00   2.000E-01   1.220E+00   8.000E-02   9.500E-02   1.200E-02   9.300E-02   3.000E-03   2.200E+00   3.000E-01   2.500E+00   2.000E-01
  63  91 154  Eu   0  3.0 -     8.151   9.200E-01   1.200E-01   8.900E-01   7.000E-02   1.350E-01   2.500E-02   1.260E-01   5.000E-03                                                
  63  92 155  Eu   0  2.5 +     6.336   4.300E+00   1.500E+00                           9.600E-02   1.800E-02   9.400E-02   2.000E-03   1.900E+00   9.000E-01                        
  64  88 152  Gd   0  0.0 +     6.247   1.400E+01   3.000E+00   1.350E+01   1.300E+00   5.400E-02   5.000E-03   6.830E-02   2.000E-03   3.800E+00   6.000E-01   3.100E+00   5.000E-01
  64  89 153  Gd   0  1.5 -     8.894   3.000E+00   6.000E-01   3.000E+00   6.000E-01   6.500E-02   8.000E-03                           1.300E+00   6.000E-01   1.300E+00   6.000E-01
  64  90 154  Gd   0  0.0 +     6.435   1.450E+01   1.500E+00   1.295E+01   7.500E-01   7.500E-02   6.000E-03   7.740E-02   2.000E-03   2.000E+00   4.000E-01   1.930E+00   3.000E-01
  64  91 155  Gd   0  1.5 -     8.536   1.700E+00   2.000E-01   1.500E+00   7.000E-02   1.080E-01   1.000E-02   1.170E-01   2.000E-03   2.000E+00   3.000E-01   2.200E+00   1.400E-01
  64  92 156  Gd   0  0.0 +     6.360   3.000E+01   6.000E+00   3.050E+01   1.700E+00   8.800E-02   1.200E-02   7.880E-02   5.000E-04   1.900E+00   4.000E-01   1.950E+00   3.600E-01
  64  93 157  Gd   0  1.5 -     7.937   4.900E+00   5.000E-01   4.650E+00   3.000E-01   9.700E-02   1.000E-02   1.050E-01   3.000E-03   2.200E+00   4.000E-01   2.200E+00   2.000E-01
  64  94 158  Gd   0  0.0 +     5.943   8.200E+01   6.000E+00   8.700E+01   3.000E+00   1.050E-01   1.000E-02   9.232E-02   1.400E-03   1.500E+00   2.000E-01   1.600E+00   2.000E-01
  64  96 160  Gd   0  0.0 +     5.635   1.800E+02   2.000E+01   1.890E+02   1.900E+01   1.110E-01   1.500E-02   8.970E-02   8.000E-04   1.600E+00   2.000E-01   1.740E+00   4.200E-01
  65  93 158  Tb   0  3.0 -     8.133                           3.780E+00   1.600E-01                                                                           1.550E+00   1.500E-01
  65  94 159  Tb   0  1.5 +     6.374   3.820E+00   2.400E+00   3.780E+00   1.600E-01   9.700E-02   7.000E-03                           1.550E+00   2.000E-01   1.550E+00   1.500E-01
  65  95 160  Tb   0  3.0 -     7.697                           1.300E+00   8.900E-01                           1.070E-01   1.100E-02                                                
  65  96 161  Tb   0  1.5 +     6.489                           1.300E+00   8.900E-01                           1.070E-01   1.100E-02                                                
  66  90 156  Dy   0  0.0 +     6.967   2.800E+00   6.000E-01   5.400E+00   6.000E-01                                                   1.900E+00   4.000E-01   2.000E+00   1.000E+00
  66  92 158  Dy   0  0.0 +     6.831   2.200E+01   1.100E+01                                                                                                                        
  66  94 160  Dy   0  0.0 +     6.454   2.700E+01   5.000E+00   2.730E+01   1.700E+00   1.080E-01   1.000E-02   1.060E-01   6.000E-03   2.000E+00   4.000E-01   2.000E+00   4.000E-01
  66  95 161  Dy   0  2.5 +     8.197   2.400E+00   2.000E-01   2.080E+00   1.500E-01   1.120E-01   1.000E-02   1.070E-01   3.000E-03   1.800E+00   1.500E-01   1.970E+00   1.100E-01
  66  96 162  Dy   0  0.0 +     6.271   6.200E+01   5.000E+00   6.650E+01   3.600E+00   1.120E-01   2.000E-02   1.120E-01   2.000E-02   1.900E+00   2.000E-01   2.000E+00   2.800E-01
  66  97 163  Dy   0  2.5 -     7.658   6.800E+00   6.000E-01   6.990E+00   3.000E-01   1.130E-01   1.300E-02   1.050E-01   8.000E-03   2.000E+00   2.000E-01   1.900E+00   2.000E-01
  66  98 164  Dy   0  0.0 +     5.715   1.500E+02   1.000E+01   1.441E+02   9.600E+00   1.140E-01   1.400E-02   9.900E-02   3.000E-03   1.800E+00   3.000E-01   1.820E+00   2.900E-01
  67  98 165  Ho   0  3.5 -     6.243   4.200E+00   5.000E-01   4.350E+00   1.500E-01   7.700E-02   5.000E-03   8.400E-02   5.000E-03   1.900E+00   2.000E-01   1.970E+00   1.900E-01
  68  94 162  Er   0  0.0 +     6.904   6.900E+00   1.200E+00   8.100E+00   1.150E+00                                                   2.000E+00   5.000E-01   2.200E+00   5.000E-01
  68  96 164  Er   0  0.0 +     6.649   2.100E+01   4.000E+00   1.740E+01   3.000E+00                           9.600E-02   5.000E-03   1.500E+00   3.000E-01   2.100E+00   2.500E-01
  68  98 166  Er   0  0.0 +     6.436   3.800E+01   3.000E+00   3.620E+01   1.800E+00   9.200E-02   8.000E-03   9.000E-02   4.000E-03   1.700E+00   2.000E-01   1.750E+00   1.600E-01
  68  99 167  Er   0  3.5 +     7.771   4.200E+00   3.000E-01   3.800E+00   2.100E-01   8.800E-02   5.000E-03   9.100E-02   1.600E-03   2.000E+00   2.000E-01   2.050E+00   1.700E-01
  68 100 168  Er   0  0.0 +     6.003   1.000E+02   1.000E+01   9.460E+01   6.600E+00   8.500E-02   1.000E-02   8.600E-02   6.000E-03   1.500E+00   2.000E-01   1.620E+00   2.400E-01
  68 102 170  Er   0  0.0 +     5.681   1.470E+02   2.000E+01   1.576E+02   1.040E+01                           7.320E-02   4.700E-03   1.500E+00   2.000E-01   1.830E+00   2.900E-01
  69 100 169  Tm   0  0.5 +     6.591   8.500E+00   7.000E-01   7.280E+00   4.300E-01   9.700E-02   1.000E-02   1.200E-01   7.000E-03   1.500E+00   2.000E-01   1.720E+00   1.200E-01
  69 101 170  Tm   0  1.0 -     7.486   3.900E+00   1.000E+00   5.100E+00   5.000E-01   1.220E-01   2.000E-02                           1.400E+00   3.000E-01   1.500E+00   2.000E-01
  70  96 166  Yb   0  0.0 +     7.067                           5.100E+00   5.000E-01                                                                           1.500E+00   2.000E-01
  70  98 168  Yb   0  0.0 +     6.867   8.000E+00   3.000E+00   1.210E+01   2.300E+00   6.500E-02   1.500E-02   9.500E-02   6.000E-03                                                
  70  99 169  Yb   0  3.5 +     8.459   1.600E+00   4.000E-01   1.480E+00   2.800E-01   8.000E-02   2.500E-02   8.000E-02   7.000E-03   1.700E+00   4.000E-01   2.520E+00   8.500E-01
  70 100 170  Yb   0  0.0 +     6.614   3.500E+01   6.000E+00   2.350E+01   5.100E+00   7.000E-02   1.000E-02                           1.500E+00   3.000E-01   1.560E+00   2.400E-01
  70 101 171  Yb   0  0.5 -     8.019   6.900E+00   5.000E-01   6.080E+00   4.100E-01   7.500E-02   5.000E-03   7.760E-02   3.000E-03   1.900E+00   2.000E-01   2.000E+00   1.500E-01
  70 102 172  Yb   0  0.0 +     6.367   7.600E+01   5.000E+00   7.570E+01   4.200E+00   7.700E-02   1.000E-02   7.300E-02   1.100E-02   1.740E+00   2.700E-01   1.730E+00   2.700E-01
  70 103 173  Yb   0  2.5 -     7.465   7.500E+00   5.000E-01   8.060E+00   3.600E-01   7.400E-02   5.000E-03   7.400E-02   1.100E-03   1.500E+00   1.500E-01   1.760E+00   1.500E-01
  70 104 174  Yb   0  0.0 +     5.822   1.920E+02   1.800E+01   1.700E+02   1.200E+01   8.300E-02   1.200E-02   7.500E-02   3.200E-03   1.400E+00   2.000E-01   1.770E+00   3.000E-01
  70 106 176  Yb   0  0.0 +     5.566   2.400E+02   2.000E+01   2.220E+02   1.800E+01                           6.050E-02   3.400E-03   2.400E+00   5.000E-01   2.430E+00   4.800E-01
  71 102 173  Lu   0  3.5 +     6.760                           1.160E+00   2.900E-01                           7.400E-02   6.000E-02                           1.500E+00   3.000E-01
  71 104 175  Lu   0  3.5 +     6.287   3.450E+00   1.500E-01   3.450E+00   1.500E-01   7.700E-02   5.000E-03   7.700E-02   5.000E-03   1.820E+00   1.200E-01   1.820E+00   1.200E-01
  71 105 176  Lu   0  7.0 -     7.073   1.610E+00   1.600E-01   1.610E+00   1.600E-01   6.300E-02   1.400E-02   6.300E-02   1.000E-02   1.600E+00   2.000E-01   1.590E+00   2.000E-01
  72 102 174  Hf   0  0.0 +     6.708   1.800E+01   5.000E+00   1.280E+01   1.600E+00                           6.590E-02   6.000E-03   2.800E+00   6.000E-01   2.800E+00   1.800E+00
  72 104 176  Hf   0  0.0 +     6.376   3.000E+01   7.000E+00   2.400E+01   3.000E+00   6.000E-02   1.000E-02                           1.700E+00   4.000E-01   2.200E+00   3.000E-01
  72 105 177  Hf   0  3.5 -     7.625   2.400E+00   3.000E-01   2.320E+00   1.700E-01   6.600E-02   5.000E-03   6.070E-02   1.500E-03   2.600E+00   3.000E-01   2.740E+00   2.700E-01
  72 106 178  Hf   0  0.0 +     6.099   5.700E+01   6.000E+00   5.300E+01   3.600E+00   5.400E-02   5.000E-03   5.350E-02   5.500E-03   2.100E+00   3.000E-01   2.200E+00   7.000E-01
  72 107 179  Hf   0  4.5 +     7.387   4.600E+00   3.000E-01   4.090E+00   3.100E-01   6.600E-02   6.000E-03   5.230E-02   1.300E-03   2.500E+00   4.000E-01   2.210E+00   1.800E-01
  72 108 180  Hf   0  0.0 +     5.695   9.400E+01   1.500E+01   1.140E+02   1.000E+01   5.000E-02   5.000E-03   5.490E-02   5.100E-03   1.900E+00   6.000E-01   1.930E+00   4.000E-01
  73 107 180  Ta   0  1.0 +     7.576   1.200E+00   2.000E-01   1.020E+00   8.000E-02   5.100E-02   3.000E-03   5.100E-02   2.000E-03   1.900E+00   3.000E-01   2.040E+00   4.000E-01
  73 108 181  Ta   0  3.5 +     6.063   4.200E+00   3.000E-01   4.170E+00   4.000E-02   5.700E-02   3.000E-03   6.220E-02   9.000E-04   1.700E+00   2.000E-01   1.740E+00   1.200E-01
  73 109 182  Ta   0  3.0 -     6.934   3.500E+00   7.000E-01                           6.700E-02   3.000E-03   6.700E-02   2.000E-03                                                
  74 106 180  W    0  0.0 +     6.669   2.000E+01   7.000E+00   2.700E+01   4.000E+00   7.000E-02   1.500E-02                                                   1.930E+00   6.000E-02
  74 108 182  W    0  0.0 +     6.191   6.000E+01   6.000E+00   6.340E+01   2.700E+00   5.500E-02   5.000E-03   5.100E-02   4.000E-03   2.300E+00   3.000E-01   2.510E+00   3.000E-01
  74 109 183  W    0  0.5 -     7.410   1.200E+01   1.000E+00   1.370E+01   1.000E+00   7.700E-02   1.000E-02   7.300E-02   6.000E-03   1.900E+00   3.000E-01   1.890E+00   2.900E-01
  74 110 184  W    0  0.0 +     5.754   7.500E+01   7.000E+00   8.100E+01   5.000E+00   5.700E-02   7.000E-03   5.200E-02   4.000E-03   2.500E+00   4.000E-01   2.520E+00   3.200E-01
  74 111 185  W    0  1.5 -     7.192                           9.300E+00   1.600E+00                                                                                                
  74 112 186  W    0  0.0 +     5.466   9.900E+01   8.000E+00   9.300E+01   7.000E+00   5.100E-02   7.000E-03   5.100E-02   5.000E-03   2.300E+00   4.000E-01   2.220E+00   3.000E-01
  75 110 185  Re   0  2.5 +     6.179   3.100E+00   3.000E-01   2.780E+00   1.400E-01   5.700E-02   7.000E-03   5.600E-02   3.000E-03   2.700E+00   3.000E-01   2.160E+00   1.400E-01
  75 112 187  Re   0  2.5 +     5.871   3.900E+00   3.000E-01   3.610E+00   1.300E-01   6.100E-02   9.000E-03   5.700E-02   3.000E-03   2.500E+00   3.000E-01                        
  76 110 186  Os   0  0.0 +     6.290   2.900E+01   2.000E+00   2.460E+01   4.000E-01   7.400E-02   1.000E-02   4.780E-02   2.200E-03   2.800E+00   3.000E-01   2.000E+00   3.100E-01
  76 111 187  Os   0  0.5 -     7.989   5.100E+00   2.000E-01   4.560E+00   2.000E-01   8.800E-02   8.000E-03   6.210E-02   2.300E-03   3.100E+00   2.000E-01                        
  76 112 188  Os   0  0.0 +     5.921   4.700E+01   4.000E+00   4.000E+01   1.800E+00   9.300E-02   6.000E-03   5.080E-02   1.400E-03   2.500E+00   3.000E-01   2.390E+00   3.600E-01
  76 113 189  Os   0  1.5 -     7.792   3.400E+00   4.000E-01   3.070E+00   1.700E-01   9.200E-02   5.000E-03   8.350E-02   2.500E-03   2.400E+00   6.000E-01   2.600E+00   8.000E-01
  76 114 190  Os   0  0.0 +     5.758   7.000E+01   4.000E+01   5.500E+01   4.000E+00                           5.200E-02   5.000E-03                           2.500E+00   3.000E-01
  76 116 192  Os   0  0.0 +     5.583   1.150E+02   6.000E+01   8.100E+01   8.000E+00                                                                                                
  77 114 191  Ir   0  1.5 +     6.198   2.500E+00   3.000E-01   2.390E+00   1.600E-01   8.100E-02   1.100E-02   8.000E-02   8.000E-03   1.900E+00   3.000E-01   2.100E+00   2.000E-01
  77 115 192  Ir   0  4.0 +     7.771   5.000E-01   2.000E-01   6.400E-01   1.000E-01   1.000E-01   1.000E-02   9.400E-02   6.000E-03   2.500E+00   8.000E-01                        
  77 116 193  Ir   0  1.5 +     6.067   5.800E+00   5.000E-01   4.700E+00   3.600E-01   9.300E-02   1.000E-02   9.200E-02   6.000E-03   1.300E+00   3.000E-01   2.000E+00   3.000E-01
  78 114 192  Pt   0  0.0 +     6.262   3.140E+01   1.300E+00   3.130E+01   1.300E+00   6.000E-02   2.000E-03   6.240E-02   1.000E-03   2.000E+00   2.300E-01   2.040E+00   2.300E-01
  78 116 194  Pt   0  0.0 +     6.105   8.200E+01   1.000E+01   7.180E+01   2.900E+00   7.200E-02   1.300E-02   7.200E-02   1.300E-02   2.000E+00   2.300E-01   2.000E+00   2.300E-01
  78 117 195  Pt   0  0.5 -     7.922   1.800E+01   3.000E+00   1.700E+01   8.000E-01   1.200E-01   2.000E-02   1.230E-01   1.500E-03   1.800E+00   3.000E-01   1.900E+00   1.600E-01
  78 118 196  Pt   0  0.0 +     5.846   3.500E+02   1.000E+02   2.200E+02   1.200E+01   1.200E-01   2.000E-02   8.700E-02   1.500E-02                           1.950E+00   3.400E-01
  78 120 198  Pt   0  0.0 +     5.556   3.400E+02   9.000E+01   3.400E+02   4.000E+01                                                   1.400E+00   6.000E-01                        
  79 118 197  Au   0  1.5 +     6.512   1.550E+01   8.000E-01   1.569E+01   6.800E-01   1.280E-01   6.000E-03   1.235E-01   3.400E-03   1.900E+00   1.200E-01   2.000E+00   1.000E-01
  80 118 198  Hg   0  0.0 +     6.663   1.050E+02   3.500E+01   2.500E+02   3.500E+01   1.200E-01   2.000E-02   1.124E-01   5.900E-03   1.300E+00   5.000E-01                        
  80 119 199  Hg   0  0.5 -     8.028   8.000E+01   3.000E+01   8.500E+01   1.000E+01   2.950E-01   2.000E-02   2.890E-01   1.700E-02   2.100E+00   6.000E-01   1.800E+00   2.000E-01
  80 120 200  Hg   0  0.0 +     6.231   6.000E+02   1.500E+02   1.270E+03   1.700E+02   4.500E-01   1.000E-01   3.700E-01   4.000E-02   1.600E+00   6.000E-01   1.400E+00   3.000E-01
  80 121 201  Hg   0  1.5 -     7.753   9.000E+01   3.000E+01   9.000E+01   9.000E+00   4.000E-01   1.000E-01   3.870E-01   1.500E-02   1.200E+00   5.000E-01   9.600E-01   2.300E-01
  80 122 202  Hg   0  0.0 +     5.995                                                                           7.220E-01   4.500E-02                                                
  80 124 204  Hg   0  0.0 +     5.669                                                                           1.980E+00   3.600E-01                                                
  81 122 203  Tl   0  0.5 +     6.656   4.700E+02   5.000E+01   5.500E+02   3.500E+01   6.900E-01   7.000E-02   6.300E-01   3.400E-02   1.400E+00   3.000E-01   1.580E+00   3.300E-01
  81 124 205  Tl   0  0.5 +     6.503   4.000E+03   4.000E+02   2.200E+03   3.000E+02   1.100E+00   2.000E-01   1.100E+00   1.600E-01   1.200E+00   4.000E-01   7.800E-01   2.000E-01
  82 122 204  Pb   0  0.0 +     6.731   2.100E+03   2.000E+02   2.172E+03   9.600E+01   7.300E-01   7.000E-02   7.340E-01   6.500E-02   1.200E+00   2.000E-01   1.270E+00   1.600E-01
  82 124 206  Pb   0  0.0 +     6.737   3.000E+04   6.000E+03   3.710E+04   5.500E+03   2.100E+00   2.000E-01   2.140E+00   1.100E-01   1.300E+00   2.000E-01   1.060E+00   2.600E-01
  82 125 207  Pb   0  0.5 -     7.368   3.000E+04   8.000E+03                                                                           1.000E+00   5.000E-01   7.600E-01   3.100E-01
  82 126 208  Pb   0  0.0 +     3.937   9.000E+04   1.500E+04                                                                           1.000E+00   5.000E-01                        
  83 126 209  Bi   0  4.5 -     4.604   4.450E+03   4.000E+02   4.540E+03   3.900E+02   5.700E-02   1.000E-02   4.700E-02   8.000E-03   5.600E-01   9.000E-02   7.800E-01   1.700E-01
  88 138 226  Ra   0  0.0 +     4.562   3.100E+01   6.000E+00   2.730E+01   3.500E+00   2.600E-02   3.000E-03   2.580E-02   2.000E-03   1.080E+00   1.200E-01   1.210E+00   3.300E-01
  90 138 228  Th   0  0.0 +     5.256   5.000E+00   3.000E+00                           3.600E-02   2.000E-03   3.600E-02   2.000E-03                                                
  90 139 229  Th   0  2.5 +     6.794   6.200E-01   1.200E-01   5.300E-01   1.500E-01   4.300E-02   4.000E-03                           1.150E+00   1.500E-01   6.200E-01   1.600E-01
  90 140 230  Th   0  0.0 +     5.118   9.600E+00   1.500E+00   8.700E+00   1.400E+00   2.600E-02   2.000E-03   2.600E-02   2.000E-03   1.280E+00   1.500E-01   1.750E+00   5.100E-01
  90 142 232  Th   0  0.0 +     4.786   1.650E+01   4.000E-01   1.582E+01   5.500E-01   2.400E-02   2.000E-03   2.470E-02   7.000E-04   8.400E-01   7.000E-02   8.700E-01   8.000E-02
  91 140 231  Pa   0  1.5 -     5.548   5.100E-01   3.000E-02   5.100E-01   3.000E-02   4.000E-02   1.000E-03   3.970E-02   4.000E-04   8.100E-01   1.000E-01   8.100E-01   1.000E-01
  91 141 232  Pa   0  2.0 -     6.529   4.200E-01   8.000E-02   4.640E-01   4.000E-02                                                   9.500E-01   1.500E-01   1.270E+00   2.600E-01
  91 142 233  Pa   0  1.5 -     5.221   7.800E-01   1.000E-01   5.900E-01   9.000E-02   4.700E-02   5.000E-03   4.750E-02   1.700E-03   7.500E-01   8.000E-02   7.500E-01   6.000E-02
  92 140 232  U    0  0.0 +     5.761   4.600E+00   5.000E-01   4.600E+00   7.000E-01                                                   1.000E+00   2.000E-01   9.100E-01   2.000E-01
  92 141 233  U    0  2.5 +     6.845   5.200E-01   2.000E-02   5.400E-01   5.000E-02   4.000E-02   5.000E-03   4.000E-02   3.000E-03   9.000E-01   5.000E-02   9.800E-01   9.000E-02
  92 142 234  U    0  0.0 +     5.297   1.120E+01   8.000E-01   1.092E+01   4.700E-01   2.600E-02   4.000E-03   3.670E-02   7.000E-04   8.500E-01   1.000E-01   8.300E-01   1.100E-01
  92 143 235  U    0  3.5 -     6.545   4.500E-01   3.000E-02   4.900E-01   2.000E-02   3.800E-02   3.000E-03   3.810E-02   1.700E-03   9.800E-01   7.000E-02   9.800E-01   7.000E-02
  92 144 236  U    0  0.0 +     5.126   1.400E+01   1.000E+00   1.470E+01   4.400E-01   2.300E-02   2.000E-03   2.340E-02   8.000E-04   1.060E+00   8.000E-02   1.030E+00   9.000E-02
  92 145 237  U    0  0.5 +     6.153   3.500E+00   8.000E-01   3.500E+00   8.000E-01                                                                                                
  92 146 238  U    0  0.0 +     4.806   2.030E+01   6.000E-01   2.026E+01   7.200E-01   2.360E-02   8.000E-04   2.290E-02   4.000E-04   1.030E+00   8.000E-02   1.290E+00   1.300E-01
  93 143 236  Np   0  6.0 -     6.577   6.000E-01   6.000E-02   7.000E-01   6.000E-02                                                   1.200E+00   2.000E-01   1.680E+00   4.200E-01
  93 144 237  Np   0  2.5 +     5.488   5.700E-01   3.000E-02   5.810E-01   1.900E-02   4.080E-02   1.200E-03   4.070E-02   5.000E-04   9.700E-01   7.000E-02   9.800E-01   6.000E-02
  93 145 238  Np   0  2.0 +     6.215   4.100E-01   1.000E-01                                                                                                                        
  94 144 238  Pu   0  0.0 +     5.646   8.300E+00   5.000E-01   9.000E+00   7.000E-01   3.400E-02   3.000E-03   3.200E-02   9.000E-04   1.080E+00   1.500E-01   1.100E+00   2.000E-01
  94 145 239  Pu   0  0.5 +     6.534   2.200E+00   9.000E-02   2.070E+00   7.000E-02   4.300E-02   4.000E-03                           1.200E+00   1.000E-01   1.300E+00   1.000E-01
  94 146 240  Pu   0  0.0 +     5.241   1.300E+01   5.000E-01   1.280E+01   6.000E-01   3.100E-02   2.000E-03   3.100E-02   2.000E-03   1.070E+00   1.000E-01   1.110E+00   8.000E-02
  94 147 241  Pu   0  2.5 +     6.309   9.300E-01   8.000E-02   1.050E+00   4.000E-02   4.080E-02   4.600E-03   3.840E-02   2.500E-03   1.180E+00   9.000E-02   1.230E+00   9.000E-02
  94 148 242  Pu   0  0.0 +     5.033   1.350E+01   1.500E+00   1.590E+01   1.100E+00   2.300E-02   2.000E-03   2.250E-02   4.000E-04   9.800E-01   8.000E-02   9.200E-01   1.000E-01
  94 150 244  Pu   0  0.0 +     4.699   1.900E+01   3.000E+00   1.800E+01   3.500E+00                           2.000E-02   2.000E-03   9.000E-01   2.000E-01                        
  95 146 241  Am   0  2.5 -     5.537   5.800E-01   4.000E-02   5.500E-01   4.000E-02   4.600E-02   3.000E-03   4.420E-02   2.000E-03   8.800E-01   6.000E-02   1.020E+00   4.000E-02
  95 147 242  Am   0  1.0 -     6.364   2.700E-01   3.000E-02   4.200E-01   3.000E-02                                                   1.320E+00   1.500E-01   1.340E+00   1.900E-01
  95 148 243  Am   0  2.5 -     5.367   7.300E-01   6.000E-02   6.000E-01   6.000E-02   3.900E-02   3.000E-03   4.000E-02   3.000E-04   9.800E-01   6.000E-02   9.800E-01   9.000E-02
  96 146 242  Cm   0  0.0 +     5.693   1.400E+01   3.000E+00   1.030E+01   1.900E+00   3.800E-02   6.000E-03   4.200E-02   4.000E-03   8.000E-01   1.500E-01   1.060E+00   3.600E-01
  96 147 243  Cm   0  2.5 +     6.801   6.900E-01   5.000E-02   1.110E+00   7.000E-02   4.000E-02   5.000E-03                           1.250E+00   3.000E-01   1.200E+00   2.200E-01
  96 148 244  Cm   0  0.0 +     5.518   1.180E+01   1.200E+00   1.210E+01   9.000E-01   3.600E-02   8.000E-03   3.700E-02   2.000E-03   1.000E+00   2.000E-01   9.500E-01   1.800E-01
  96 149 245  Cm   0  3.5 +     6.459   7.900E-01   5.000E-02   6.900E-01   5.000E-02   4.000E-02   5.000E-03                           1.050E+00   1.500E-01   1.050E+00   2.100E-01
  96 150 246  Cm   0  0.0 +     5.155   3.000E+01   5.000E+00   2.700E+01   4.000E+00   3.400E-02   5.000E-03   3.230E-02   1.800E-03   8.400E-01   1.500E-01   8.200E-01   2.600E-01
  96 151 247  Cm   0  4.5 -     6.211   1.200E+00   3.000E-01   1.000E+00   1.500E-01   4.000E-02   5.000E-03                           7.500E-01   1.800E-01   8.500E-01   1.800E-01
  96 152 248  Cm   0  0.0 +     4.713   3.000E+01   5.000E+00   2.790E+01   2.400E+00   2.800E-02   3.000E-03   2.550E-02   8.000E-04   1.200E+00   2.000E-01   1.250E+00   2.200E-01
  97 152 249  Bk   0  3.5 +     4.965   1.100E+00   1.000E-01   1.220E+00   9.000E-02   3.600E-02   3.000E-03   3.600E-02   1.000E-03   1.200E+00   2.000E-01   9.300E-01   2.100E-01
  98 151 249  Cf   0  4.5 -     6.624   7.600E-01   1.000E-01   7.600E-01   3.000E-02                                                   1.200E+00   2.000E-01   1.550E+00   2.000E-01
  98 152 250  Cf   0  0.0 +     5.106                                                                           3.700E-02   3.000E-03                                                
  98 153 251  Cf   0  0.5 +     6.171                                                                           4.200E-02   5.000E-03                                                
  98 154 252  Cf   0  0.0 +     4.804   2.700E+01   3.000E+00   2.400E+01   3.000E+00                                                                                                
