#  Z   N   A Sym   L  J   P     Sn      D(RIPL-3)    Err        D(BNL)       Err       Gg(RIPL-3)    Err        Gg(BNL)       Err       S(RIPL-3)     Err        S(BNL)       Err
# []  []  []  []  []  []  []   [MeV]      [eV]       [eV]        [eV]        [eV]        [eV]        [eV]        [eV]        [eV]        [1E-4]      [1E-4]      [1E-4]      [1E-4]
   8   8  16  O    1  0.0 +     4.143                           4.500E+05   6.300E+04                                                                           1.470E+00   5.900E-01
   9  10  19  F    1  0.5 +     6.601   6.000E+04   1.000E+04   6.000E+04   1.000E+04                                                   7.500E+00   3.400E+00   7.500E+00   3.400E+00
  10  10  20  Ne   1  0.0 +     6.761                           8.200E+04   1.200E+04                                                                           1.100E+00   3.000E-01
  10  12  22  Ne   1  0.0 +     5.200                                                                                                                           1.300E+00   4.000E-01
  11  12  23  Na   1  1.5 +     6.959   5.000E+04   1.000E+04   5.400E+04   7.000E+03                                                   1.700E+00   5.000E-01   1.900E+00   5.300E-01
  12  12  24  Mg   1  0.0 +     7.330   1.600E+05   2.400E+04   1.580E+05   2.400E+04                                                   1.100E+00   5.000E-01   4.200E+00   1.200E+00
  12  13  25  Mg   1  2.5 +    11.093   3.000E+04   8.000E+03   2.490E+04   4.400E+03                                                   2.000E+00   1.000E+00   2.600E+00   1.300E+00
  13  14  27  Al   1  2.5 +     7.725   2.750E+04   2.500E+03   2.840E+04   2.600E+03   2.500E+00   1.000E+00   9.800E-01   2.200E-01   2.100E+00   4.000E-01   2.700E+00   7.000E-01
  14  14  28  Si   1  0.0 +     8.473   7.500E+04   1.000E+04   1.090E+05   1.100E+04   2.700E+00   9.000E-01                           8.500E-01   2.500E-01   1.300E+00   3.700E-01
  14  15  29  Si   1  0.5 +    10.609   8.540E+04   9.500E+03   5.240E+04   5.400E+03   4.800E-01   2.000E-02                           1.300E+00   2.000E-01   2.100E+00   6.000E-01
  14  16  30  Si   1  0.0 +     6.587   1.090E+05   1.100E+04   7.080E+04   7.900E+03                                                   5.000E-01   1.500E-01   5.400E-01   1.800E-01
  15  16  31  P    1  0.5 +     7.935   2.000E+04   2.000E+03   2.150E+04   2.200E+03   2.000E+00   4.000E-01   1.500E+00   3.000E-01   1.500E+00   5.000E-01   5.800E-01   1.600E-01
  16  16  32  S    1  0.0 +     8.641   4.630E+04   4.100E+03   4.630E+04   4.100E+03   1.310E+00   1.000E+00   1.310E+00   1.080E+00   6.700E-01   1.700E-01                        
  16  17  33  S    1  1.5 +    11.417   9.350E+03   9.000E+02   9.350E+03   8.900E+02   1.600E+00   6.000E-01   1.600E+00   5.800E-01   2.530E+00   6.800E-01   2.530E+00   6.800E-01
  16  18  34  S    1  0.0 +     6.985   4.750E+04   4.000E+03   4.750E+04   4.000E+03                                                   7.200E-01   1.900E-01   7.200E-01   1.900E-01
  17  18  35  Cl   1  1.5 +     8.579   6.600E+03   3.000E+03   6.600E+03   4.000E+02   6.100E-01   1.500E-01   6.130E-01   1.500E-01   1.800E+00   3.000E-01   1.620E+00   2.700E-01
  17  20  37  Cl   1  1.5 +     6.107   7.600E+03   5.000E+02   6.600E+03   7.000E+02                                                   7.000E-01   2.000E-01   6.400E-01   1.900E-01
  18  22  40  Ar   1  0.0 +     6.099                           1.140E+04   5.000E+02                           3.500E-01   5.000E-02                           3.600E-01   6.000E-02
  19  20  39  K    1  1.5 +     7.799   5.600E+03   1.000E+03   3.300E+03   2.000E+02   4.120E-01   1.900E-01   4.120E-01   1.900E-01   1.000E+00   3.000E-01   1.000E+00   3.000E-01
  19  22  41  K    1  1.5 +     7.533   4.800E+03   8.000E+02   7.400E+03   7.000E+02   5.400E-01   2.000E-01   5.400E-01   2.000E-01   2.000E+00   4.000E-01   2.300E+00   6.000E-01
  20  20  40  Ca   1  0.0 +     8.363   1.600E+04   3.000E+03   1.600E+04   1.000E+03                           3.600E-01   9.000E-02   4.400E-01   8.000E-02   3.200E-01   5.000E-02
  20  22  42  Ca   1  0.0 +     7.933                                                                           5.100E-01   1.900E-01                           4.500E-01   1.500E-01
  20  23  43  Ca   1  3.5 -    11.131                                                                                                                           3.700E-01   1.000E-01
  20  24  44  Ca   1  0.0 +     7.414                                                                           3.000E-01   1.000E-01                           3.600E-01   1.200E-01
  20  28  48  Ca   1  0.0 +     5.146                                                                                                                           2.000E-01   1.300E-01
  21  24  45  Sc   1  3.5 -     8.761                                                                           5.200E-01   1.300E-01                           1.270E+00   2.100E-01
  22  24  46  Ti   1  0.0 +     8.881                           6.700E+03   5.000E+02                           4.400E-01   2.200E-01                                                
  22  25  47  Ti   1  2.5 -    11.626                           4.700E+02   6.000E+01                                                                           1.440E+00   5.000E-01
  22  26  48  Ti   1  0.0 +     8.142   8.700E+03   8.700E+02   8.700E+03   8.700E+02   4.300E-01   2.100E-01   4.300E-01   2.200E-01   1.210E+00   3.400E-01   1.210E+00   3.400E-01
  22  27  49  Ti   1  3.5 -    10.939                           1.500E+03   2.000E+02                           4.500E-01   2.800E-01                                                
  22  28  50  Ti   1  0.0 +     6.372   8.300E+03   5.300E+02                           2.700E-01   9.000E-02   2.700E-01   9.000E-02   5.400E-01   1.000E-01   5.400E-01   1.000E-01
  23  28  51  V    1  3.5 -     7.311   1.700E+03   1.400E+02   1.700E+03   1.400E+02   4.900E-01   1.300E-01   4.900E-01   1.300E-01   1.300E+00   3.000E-01   6.600E-01   1.100E-01
  24  26  50  Cr   1  0.0 +     9.261   3.700E+03   3.000E+02                           9.700E-01   3.000E-01   5.000E-01   1.000E-01   6.800E-01   1.200E-01   6.800E-01   1.200E-01
  24  28  52  Cr   1  0.0 +     7.939   1.030E+04   6.000E+02   1.050E+04   5.000E+02   7.000E-01   3.000E-01   7.100E-01   3.000E-01   4.300E-01   6.000E-02   5.400E-01   7.000E-02
  24  29  53  Cr   1  1.5 -     9.718   3.060E+03   2.000E+02   3.060E+03   2.000E+02   5.600E-01   1.600E-01   5.600E-01   6.000E-02   4.900E-01   9.000E-02   4.900E-01   9.000E-02
  24  30  54  Cr   1  0.0 +     6.246   1.050E+04   5.000E+02   7.720E+03   3.600E+02   6.000E-01   2.000E-01   6.100E-01   2.000E-01   7.500E-01   1.200E-01   2.300E-01   6.000E-02
  25  30  55  Mn   1  2.5 -     7.270   1.200E+03   1.500E+02   1.100E+03   1.000E+02   4.000E-01   1.000E-01   4.000E-01   1.000E-01   3.000E-01   1.000E-01   3.100E-01   5.000E-02
  26  28  54  Fe   1  0.0 +     9.297   5.000E+03   5.000E+02   4.750E+03   1.500E+02   5.000E-01   1.000E-01   5.900E-01   1.500E-01   4.200E-01   8.000E-02   4.400E-01   7.000E-02
  26  30  56  Fe   1  0.0 +     7.646   7.700E+03   5.000E+02   8.210E+03   4.800E+02   5.000E-01   1.500E-01   4.900E-01   1.900E-01   4.100E-01   6.000E-02   3.500E-01   6.000E-02
  26  31  57  Fe   1  0.5 -    10.044   2.400E+03   4.000E+02   2.580E+03   2.600E+02   7.500E-01   2.500E-01   6.500E-01   5.600E-01   4.200E-01   8.000E-02   2.200E-01   6.000E-02
  26  32  58  Fe   1  0.0 +     6.581   5.030E+03   3.000E+02   5.030E+03   3.000E+02   3.650E-01   1.050E-01   3.650E-01   1.050E-01   8.500E-01   1.400E-01   6.300E-01   1.400E-01
  27  32  59  Co   1  3.5 -     7.491                           9.000E+02   4.700E+01                           3.450E-01   4.000E-02                           2.400E-01   4.000E-02
  28  30  58  Ni   1  0.0 +     8.999   3.200E+03   3.700E+02   4.040E+03   1.400E+02   6.900E-01   3.000E-01   6.900E-01   3.000E-01   4.800E-01   6.000E-02   5.000E-01   5.000E-02
  28  32  60  Ni   1  0.0 +     7.820   3.850E+03   3.100E+02                           6.800E-01   6.000E-02   6.300E-01   4.000E-02   6.300E-01   7.000E-02   5.100E-01   6.000E-02
  28  34  62  Ni   1  0.0 +     6.838                                                                                                                           4.700E-01   9.000E-02
  28  36  64  Ni   1  0.0 +     6.098   6.500E+03   9.000E+02   9.200E+03   6.000E+02                                                   7.000E-01   1.500E-01   7.700E-01   1.400E-01
  29  34  63  Cu   1  1.5 -     7.915   3.050E+02   3.000E+01   4.040E+02   2.200E+01   2.600E-01   8.000E-02   2.600E-01   1.500E-02   4.400E-01   7.000E-02   3.600E-01   5.000E-02
  29  36  65  Cu   1  1.5 -     7.065   6.850E+02   6.000E+01   6.280E+02   3.900E+01   3.700E-01   1.100E-01   3.700E-01   4.000E-02   4.700E-01   8.000E-02   3.800E-01   5.000E-02
  30  34  64  Zn   1  0.0 +     7.979   1.100E+03   1.000E+02   1.000E+03   5.000E+01   2.720E-01   3.000E-02   2.460E-01   3.000E-02   6.000E-01   6.000E-02   5.100E-01   6.000E-02
  30  36  66  Zn   1  0.0 +     7.052   1.170E+03   1.400E+02   8.400E+02   5.000E+01   1.900E-01   6.000E-02   1.900E-01   6.000E-02   6.600E-01   6.000E-02   7.000E-01   7.000E-02
  30  37  67  Zn   1  2.5 -    10.198   1.230E+02   5.000E+00   1.230E+02   5.000E+00                           1.900E-01   1.300E-02   7.800E-01   7.000E-02   7.800E-01   7.000E-02
  30  38  68  Zn   1  0.0 +     6.482   1.630E+03   1.400E+02   1.267E+03   3.700E+01   1.700E-01   2.000E-02   1.380E-01   1.600E-02   5.600E-01   5.000E-02   5.100E-01   5.000E-02
  30  40  70  Zn   1  0.0 +     5.835   1.900E+03   2.400E+02   2.000E+03   8.000E+01                                                   6.800E-01   5.000E-02   4.300E-01   8.000E-02
  31  38  69  Ga   1  1.5 -     7.653   1.800E+02   6.000E+01   1.230E+02   6.000E+01                           1.330E-01   1.400E-02   1.000E+00   3.000E-01                        
  31  40  71  Ga   1  1.5 -     6.520   1.130E+02   2.300E+01   1.130E+02   1.100E+01   2.200E-01   3.000E-02   1.110E-01   2.000E-02   2.000E+00   6.000E-01   2.200E+00   6.000E-01
  32  38  70  Ge   1  0.0 +     7.416                                                                           1.987E-01   9.500E-03                                                
  32  42  74  Ge   1  0.0 +     6.506                                                                           2.110E-01   1.500E-02                                                
  32  44  76  Ge   1  0.0 +     6.071                                                                           1.350E-01   1.200E-02                           1.300E+00   3.000E-01
  33  42  75  As   1  1.5 -     7.328   5.000E+01   6.000E+00   4.660E+01   2.600E+00   3.000E-01   6.000E-02   2.830E-01   1.800E-02   1.500E+00   3.000E-01   1.800E+00   2.600E-01
  34  40  74  Se   1  0.0 +     8.027                                                                           2.002E-01   2.740E-02                                                
  34  42  76  Se   1  0.0 +     7.419   2.000E+02   5.000E+00   2.360E+02   3.300E+01                           1.921E-01   5.500E-03   3.400E+00   1.000E+00   2.800E+00   1.400E+00
  34  43  77  Se   1  0.5 -    10.497   5.400E+01   5.000E+00   5.400E+01   5.000E+00                           4.180E-01   2.600E-02   4.300E+00   1.000E+00   4.300E+00   1.000E+00
  34  44  78  Se   1  0.0 +     6.962   5.000E+02   2.400E+02   5.150E+02   3.500E+02                           1.728E-01   8.700E-03   3.500E+00   1.000E+00   1.730E+00   1.000E+00
  34  46  80  Se   1  0.0 +     6.701                           2.200E+03   1.600E+03                           2.300E-01   2.000E-02                           5.000E-01   5.000E-01
  35  44  79  Br   1  1.5 -     7.892   2.700E+01   5.000E+00   3.150E+01   1.400E+00                           3.280E-01   2.200E-02   2.400E+00   3.000E-01   3.490E+00   4.200E-01
  35  46  81  Br   1  1.5 -     7.593   6.000E+01   7.000E+00   5.900E+01   4.000E+00                           2.220E-01   1.600E-02   1.800E+00   3.000E-01   2.500E+00   3.300E-01
  36  42  78  Kr   1  0.0 +     8.335                                                                           2.600E-01   2.000E-02                                                
  36  44  80  Kr   1  0.0 +     7.874                                                                           2.400E-01   2.400E-02                                                
  36  48  84  Kr   1  0.0 +     7.112   1.650E+03   1.650E+02   1.650E+03   1.650E+02   2.070E-01   2.000E-02   2.070E-01   1.000E-02   4.800E+00   1.100E+00   4.800E+00   1.100E+00
  36  50  86  Kr   1  0.0 +     5.515   1.010E+04   4.000E+02   8.390E+03   4.000E+02   2.550E-01   1.300E-01   2.550E-01   1.300E-01   4.700E+00   5.000E-01   4.100E+00   3.000E-01
  37  48  85  Rb   1  2.5 -     8.651   8.500E+01   1.000E+01   6.300E+01   2.000E+00   2.600E-01   4.000E-02   2.600E-01   2.000E-02   2.800E+00   4.000E-01                        
  38  48  86  Sr   1  0.0 +     8.428                           8.400E+02   1.450E+02                                                                           2.500E+00   3.000E-01
  38  49  87  Sr   1  4.5 +    11.113   1.560E+02   1.100E+01   1.180E+02   1.100E+01                                                   2.700E+00   6.000E-01   2.630E+00   5.700E-01
  38  50  88  Sr   1  0.0 +     6.358   5.400E+03   2.000E+02   8.700E+03   1.100E+03   2.600E-01   6.000E-02   2.500E-01   8.500E-02   5.100E+00   6.000E-01   5.100E+00   6.000E-01
  39  50  89  Y    1  0.5 -     6.857   1.290E+03   5.000E+01   1.423E+03   4.300E+01   3.000E-01   9.000E-02   3.000E-01   3.000E-02   4.400E+00   5.000E-01   4.900E+00   2.500E-01
  40  50  90  Zr   1  0.0 +     7.194   2.500E+03   5.000E+02   3.660E+03   4.000E+02   2.500E-01   5.000E-02   2.300E-01   4.000E-02   3.800E+00   5.000E-01   4.790E+00   7.500E-01
  40  51  91  Zr   1  2.5 +     8.634   2.500E+02   3.000E+01   2.430E+02   1.400E+01   2.200E-01   3.000E-02   2.430E-01   2.400E-02   7.800E+00   1.300E+00   7.040E+00   1.000E+00
  40  52  92  Zr   1  0.0 +     6.734   1.400E+03   2.000E+02   1.535E+03   9.000E+01   2.200E-01   5.000E-02   3.190E-01   3.400E-02   6.400E+00   1.500E+00   7.000E+00   1.300E+00
  40  53  93  Zr   1  2.5 +     8.218   1.200E+02   2.000E+01   1.570E+02   1.500E+01   2.400E-01   3.000E-02   2.360E-01   1.900E-02   9.900E+00   1.200E+00   8.900E+00   2.900E+00
  40  54  94  Zr   1  0.0 +     6.462   1.600E+03   2.000E+02   1.236E+03   7.400E+01   1.800E-01   3.000E-02   1.880E-01   2.500E-02   9.400E+00   1.200E+00   9.670E+00   1.670E+00
  40  56  96  Zr   1  0.0 +     5.569   4.000E+03   8.000E+02   4.500E+03   5.000E+02   1.200E-01   7.500E-02   1.510E-01   7.500E-02   9.000E+00   2.000E+00   6.000E+00   1.800E+00
  41  52  93  Nb   1  4.5 +     7.227   5.000E+01   6.000E+00   4.550E+01   1.600E+00   2.200E-01   2.000E-02   2.220E-01   8.000E-03   5.800E+00   8.000E-01   5.900E+00   4.000E-01
  42  50  92  Mo   1  0.0 +     8.069   9.000E+02   6.000E+01   7.800E+02   6.700E+01   2.400E-01   4.000E-02   2.400E-01   4.000E-02   3.600E+00   6.000E-01   4.870E+00   1.100E+00
  42  52  94  Mo   1  0.0 +     7.369   5.080E+02   4.700E+01   4.500E+02   4.000E+01   1.880E-01   1.000E-02   1.880E-01   1.000E-02   7.200E+00   2.700E+00   7.230E+00   2.670E+00
  42  53  95  Mo   1  2.5 +     9.154   3.800E+01   5.000E+00   3.680E+01   4.300E+00   2.100E-01   4.000E-02   2.100E-01   4.000E-02   6.900E+00   1.800E+00   6.750E+00   1.800E+00
  42  54  96  Mo   1  0.0 +     6.821   3.500E+02   5.000E+01   3.240E+02   2.500E+01   1.400E-01   2.000E-02   1.420E-01   9.000E-03   7.100E+00   1.600E+00   5.000E+00   1.700E+00
  42  55  97  Mo   1  2.5 +     8.642   2.200E+01   8.600E+00   2.100E+01   2.500E+00                                                   7.850E+00   1.530E+00   7.270E+00   1.320E+00
  42  56  98  Mo   1  0.0 +     5.925   2.900E+02   3.000E+01   2.860E+02   1.400E+01   1.450E-01   2.000E-02   1.170E-01   1.500E-02   6.300E+00   2.100E+00   5.550E+00   7.600E-01
  42  58 100  Mo   1  0.0 +     5.398   2.600E+02   3.000E+01   2.360E+02   2.100E+01   9.500E-02   1.500E-02   9.300E-02   1.200E-02   5.000E+00   8.000E-01   5.140E+00   7.100E-01
  43  56  99  Tc   1  4.5 +     6.764                           6.800E+00   3.000E-01                                                   5.300E+00   5.000E-01   4.100E+00   5.000E-01
  44  55  99  Ru   1  2.5 +     9.673                                                                                                                           5.100E+00   5.000E-01
  44  56 100  Ru   1  0.0 +     6.802   1.150E+02   2.000E+01   1.217E+02   7.700E+00   1.300E-01   3.000E-02   1.360E-01   1.600E-02   4.300E+00   6.000E-01   6.290E+00   7.100E-01
  44  57 101  Ru   1  2.5 +     9.219                                                                                                                           6.100E+00   4.000E-01
  44  58 102  Ru   1  0.0 +     6.232   1.050E+02   1.500E+01   1.273E+02   6.700E+00                           1.310E-01   3.000E-02   4.600E+00   6.000E-01   4.770E+00   4.700E-01
  44  60 104  Ru   1  0.0 +     5.910   1.200E+02   1.500E+01   1.444E+02   9.200E+00                                                   3.500E+00   5.000E-01   5.400E+00   6.000E-01
  45  58 103  Rh   1  0.5 -     6.998   1.300E+01   1.500E+00   1.440E+01   6.000E-01                           1.890E-01   1.200E-02   5.600E+00   6.000E-01   5.060E+00   5.700E-01
  46  56 102  Pd   1  0.0 +     7.625                                                                           1.650E-01   1.500E-02                                                
  46  58 104  Pd   1  0.0 +     7.094   8.100E+01   7.000E+00   7.380E+01   3.700E+00                           1.480E-01   1.000E-02   5.300E+00   5.000E-01   5.320E+00   4.700E-01
  46  59 105  Pd   1  2.5 +     9.561   5.000E+00   1.000E+00   5.070E+00   7.600E-01   1.500E-01   1.500E-02   1.940E-01   3.000E-03   4.100E+00   8.000E-01   5.750E+00   4.300E-01
  46  60 106  Pd   1  0.0 +     6.536   8.500E+01   1.900E+01   6.400E+01   4.000E+00   1.020E-01   1.000E-02   9.000E-02   1.000E-02   4.000E+00   1.000E+00   5.460E+00   5.000E-01
  46  61 107  Pd   1  2.5 +     9.222                                                                           1.890E-01   6.000E-03                           5.500E+00   5.000E-01
  46  62 108  Pd   1  0.0 +     6.153   9.500E+01   2.400E+01   1.030E+02   6.000E+00   1.040E-01   1.000E-02   1.310E-01   5.000E-03   4.000E+00   1.000E+00   5.400E+00   4.600E-01
  46  64 110  Pd   1  0.0 +     5.726   7.600E+01   2.000E+01   1.060E+02   9.000E+00   9.800E-02   1.700E-02   9.200E-02   1.800E-02   5.800E+00   1.000E+00   5.810E+00   6.600E-01
  47  60 107  Ag   1  0.5 -     7.271   1.000E+01   2.000E+00   9.460E+00   5.000E-01                           1.730E-01   8.000E-03   4.500E+00   6.000E-01   3.760E+00   3.100E-01
  47  62 109  Ag   1  0.5 -     6.809                           1.190E+01   6.000E-01                           1.600E-01   1.000E-02                           3.600E+00   3.300E-01
  48  58 106  Cd   1  0.0 +     7.929   5.200E+01   6.000E+00   5.200E+01   6.000E+00   1.750E-01   2.500E-02   2.020E-01   1.500E-02   4.700E+00   1.500E+00   4.700E+00   6.000E-01
  48  60 108  Cd   1  0.0 +     7.323   9.200E+01   2.000E+01   4.800E+01   3.000E+00   1.250E-01   2.000E-02   1.250E-01   2.000E-02   6.000E+00   1.000E+00   4.320E+00   4.000E-01
  48  62 110  Cd   1  0.0 +     6.975   8.000E+01   5.000E+00                           8.000E-02   1.500E-02   9.900E-02   6.000E-03   5.100E+00   4.000E-01   3.240E+00   7.200E-01
  48  63 111  Cd   1  0.5 +     9.394   1.400E+01   1.000E+00   1.410E+01   9.000E-01                           1.700E-01   8.000E-03   4.700E+00   5.000E-01   4.680E+00   5.000E-01
  48  64 112  Cd   1  0.0 +     6.539   5.900E+01   3.000E+00   7.730E+01   4.800E+00   9.400E-02   1.600E-02   9.400E-02   1.600E-02   4.800E+00   4.000E-01   4.560E+00   3.300E-01
  48  65 113  Cd   1  0.5 +     9.043   1.100E+01   1.200E+00   1.430E+01   7.000E-01   1.600E-01   2.000E-02   1.600E-01   1.500E-02   3.000E+00   5.000E-01                        
  48  66 114  Cd   1  0.0 +     6.140   8.700E+01   8.000E+00   1.030E+02   8.000E+00   8.400E-02   8.000E-03   8.800E-02   8.000E-03   4.300E+00   6.000E-01   4.260E+00   6.300E-01
  48  68 116  Cd   1  0.0 +     5.777   2.150E+02   2.000E+01   2.150E+02   2.000E+01   7.600E-02   6.000E-03   7.600E-02   6.000E-03   3.800E+00   5.000E-01   3.800E+00   5.000E-01
  49  64 113  In   1  4.5 +     7.274                                                                                                                           2.510E+00   7.900E-01
  49  66 115  In   1  4.5 +     6.785   5.100E+00   4.000E-01   5.650E+00   2.800E-01                                                   3.600E+00   4.000E-01                        
  50  62 112  Sn   1  0.0 +     7.744                                                                           9.640E-02   1.000E-02                           2.800E+00   4.000E-01
  50  64 114  Sn   1  0.0 +     7.545                           2.800E+00   3.000E-01                                                                                                
  50  65 115  Sn   1  0.5 +     9.563                                                                           1.300E-01   7.000E-02                           3.800E+00   4.000E-01
  50  66 116  Sn   1  0.0 +     6.943   1.550E+02   6.000E+00   1.550E+02   6.000E+00   8.500E-02   2.000E-03   8.700E-02   2.000E-03   2.840E+00   3.200E-01   2.840E+00   3.200E-01
  50  67 117  Sn   1  0.5 +     9.326   3.100E+01   3.000E+00   3.100E+01   3.000E+00   1.360E-01   7.000E-03   1.360E-01   7.000E-03   2.000E+00   3.000E-01   2.900E+00   3.000E-01
  50  68 118  Sn   1  0.0 +     6.483                           2.700E+02   2.800E+01                           6.600E-02   7.000E-03                           1.900E+00   6.000E-01
  50  69 119  Sn   1  0.5 +     9.104                                                                                                                           2.200E+00   3.000E-01
  50  70 120  Sn   1  0.0 +     6.170   4.100E+02   2.000E+01   3.780E+02   1.300E+01   7.700E-02   5.000E-03   7.700E-02   5.000E-03   2.100E+00   2.000E-01   2.100E+00   2.000E-01
  50  72 122  Sn   1  0.0 +     5.946   1.030E+03   3.000E+01   1.030E+03   3.000E+01                           9.800E-02   1.000E-02   1.880E+00   1.500E-01   2.260E+00   1.500E-01
  50  74 124  Sn   1  0.0 +     5.734   1.630E+03   7.000E+01   1.590E+03   7.000E+01                           8.100E-02   3.000E-03   2.200E+00   3.000E-01   2.220E+00   2.700E-01
  51  70 121  Sb   1  2.5 +     6.806                           6.700E+00   1.000E+00                           1.080E-01   5.000E-03                           2.000E+00   5.000E-01
  51  72 123  Sb   1  3.5 +     6.467                                                                           1.010E-01   5.000E-03                           1.670E+00   3.700E-01
  52  70 122  Te   1  0.0 +     6.929   6.000E+01   2.000E+01   4.440E+01   2.300E+00                           9.330E-02   5.500E-03   1.700E+00   5.000E-01   2.550E+00   3.700E-01
  52  71 123  Te   1  0.5 +     9.424                                                                           1.690E-01   4.000E-03                           2.310E+00   2.300E-01
  52  72 124  Te   1  0.0 +     6.569   1.300E+02   3.000E+01   1.060E+02   9.000E+00   7.500E-02   1.500E-02   7.500E-02   6.000E-03   1.700E+00   3.000E-01   1.920E+00   3.000E-01
  52  73 125  Te   1  0.5 +     9.113                           2.010E+01   2.400E+00                           1.200E-01   1.100E-02                           1.860E+00   1.900E-01
  52  74 126  Te   1  0.0 +     6.288   2.000E+02   5.000E+01   1.970E+02   1.500E+01   8.000E-02   1.500E-02   7.800E-02   8.000E-03   1.500E+00   3.000E-01   1.620E+00   2.600E-01
  52  76 128  Te   1  0.0 +     6.082   5.000E+02   5.000E+01   5.700E+02   6.400E+01   8.400E-02   1.500E-02   7.700E-02   5.000E-03   1.300E+00   3.000E-01   1.680E+00   1.500E-01
  52  78 130  Te   1  0.0 +     5.929   1.040E+03   1.500E+02   1.130E+03   1.800E+02                           6.970E-02   1.250E-02   8.200E-01   1.600E-01   9.700E-01   3.400E-01
  53  74 127  I    1  2.5 +     6.826                                                                           1.360E-01   4.000E-03                           1.500E+00   2.000E-01
  53  76 129  I    1  3.5 +     6.500                                                                           1.400E-01   8.000E-03                           1.400E+00   3.000E-01
  54  76 130  Xe   1  0.0 +     6.605                                                                           5.540E-02   2.700E-03                                                
  54  77 131  Xe   1  1.5 +     8.936                                                                           1.610E-01   8.000E-03                                                
  54  78 132  Xe   1  0.0 +     6.436                                                                           8.900E-02   1.500E-02                                                
  54  82 136  Xe   1  0.0 +     4.025   9.600E+03   9.000E+02   1.090E+04   8.300E+02                                                   8.800E-01   1.500E-01   7.700E-01   1.500E-01
  55  77 132  Cs   1  2.0 +     8.989                                                                           1.091E-01   1.700E-03                           1.300E+00   4.000E-01
  55  80 135  Cs   1  3.5 +     6.828                                                                           9.500E-02   7.000E-03                                                
  56  78 134  Ba   1  0.0 +     6.972   1.630E+02   1.100E+01   1.200E+02   9.000E+00   8.500E-02   2.000E-02                           3.000E+00   6.000E-01   2.910E+00   5.600E-01
  56  79 135  Ba   1  1.5 +     9.107                                                                           2.010E-01   1.300E-02                           1.650E+00   5.400E-01
  56  80 136  Ba   1  0.0 +     6.905   5.220E+02   3.400E+01   4.420E+02   2.900E+01   1.630E-01   3.000E-02   1.260E-01   1.900E-02   1.800E+00   3.000E-01   2.140E+00   3.600E-01
  56  81 137  Ba   1  1.5 +     8.612                                                                           1.550E-01   8.000E-03                           8.100E-01   2.100E-01
  56  82 138  Ba   1  0.0 +     4.723   6.760E+03   6.700E+02                           3.100E-02   4.000E-03   3.100E-02   4.000E-03   1.100E+00   3.000E-01   1.100E+00   2.800E-01
  57  82 139  La   1  3.5 +     5.161                           1.610E+02   2.000E+01                           3.500E-02   7.000E-03                           4.900E-01   1.000E-01
  58  80 138  Ce   1  0.0 +     7.463                                                                                                                           9.700E+00   1.900E+00
  58  82 140  Ce   1  0.0 +     5.428   1.000E+03   2.000E+02   1.550E+03   1.100E+02   3.000E-02   6.000E-03   2.200E-02   2.000E-03   4.000E-01   1.500E-01   3.400E-01   5.000E-02
  58  84 142  Ce   1  0.0 +     5.144                                                                                                                           1.300E-01   1.100E-01
  59  82 141  Pr   1  2.5 +     5.842                                                                           5.000E-02   1.000E-02                           7.400E-01   1.700E-01
  60  82 142  Nd   1  0.0 +     6.123   3.900E+02   3.300E+01   3.900E+02   3.300E+01   4.800E-02   5.000E-03   4.800E-02   5.000E-03   5.800E-01   1.300E-01   5.800E-01   1.300E-01
  60  83 143  Nd   1  3.5 -     7.817   2.100E+01   4.000E+00   2.120E+01   4.100E+00                           4.800E-02   3.000E-03   8.500E-01   3.100E-01   8.500E-01   3.100E-01
  60  84 144  Nd   1  0.0 +     5.755   2.020E+02   1.400E+01   2.020E+02   1.400E+01                           3.600E-02   6.000E-03   7.700E-01   1.500E-01   7.700E-01   1.500E-01
  60  85 145  Nd   1  3.5 -     7.565                                                                           5.560E-02   4.000E-03                           8.000E-01   4.000E-01
  60  86 146  Nd   1  0.0 +     5.292                           1.210E+02   1.500E+01                           2.700E-02   3.000E-03   1.200E+00   4.000E-01   6.600E-01   1.700E-01
  60  88 148  Nd   1  0.0 +     5.039                                                                           3.400E-02   4.000E-03   8.500E-01   1.500E-01   1.090E+00   1.700E-01
  60  90 150  Nd   1  0.0 +     5.334                                                                           4.100E-02   7.000E-03                           8.000E-01   2.000E-01
  62  82 144  Sm   1  0.0 +     6.756   2.650E+02   2.200E+01   2.290E+02   1.800E+01   6.100E-02   1.000E-02   6.740E-02   3.000E-03   9.000E-01   9.000E-02   1.100E+00   2.000E-01
  62  85 147  Sm   1  3.5 -     8.141                                                                           3.930E-02   3.200E-03                           9.500E-01   1.700E-01
  62  86 148  Sm   1  0.0 +     5.871                                                                           1.790E-02   2.200E-03                                                
  62  87 149  Sm   1  3.5 -     7.986                                                                           3.600E-02   4.000E-03                           1.100E+00   3.000E-01
  62  88 150  Sm   1  0.0 +     5.596                                                                           3.760E-02   1.700E-03                                                
  62  89 151  Sm   1  2.5 -     8.258                                                                           6.120E-02   4.200E-03                                                
  62  90 152  Sm   1  0.0 +     5.868                                                                           4.060E-02   2.400E-03                           9.000E-01   3.000E-01
  62  92 154  Sm   1  0.0 +     5.806                                                                           4.650E-02   3.700E-03                                                
  63  88 151  Eu   1  2.5 +     6.306                                                                           4.600E-02   3.000E-03                           9.200E-01   1.100E-01
  63  90 153  Eu   1  2.5 +     6.442                                                                           4.810E-02   3.600E-03                           1.200E+00   2.000E-01
  64  88 152  Gd   1  0.0 +     6.247                                                                           3.780E-02   3.200E-03                           1.200E+00   1.300E-01
  64  90 154  Gd   1  0.0 +     6.435                                                                           4.610E-02   1.300E-03                           1.520E+00   6.000E-02
  64  91 155  Gd   1  1.5 -     8.536                                                                           5.780E-02   6.100E-03                           1.490E+00   1.400E-01
  64  92 156  Gd   1  0.0 +     6.360                                                                           4.430E-02   1.300E-03                           1.700E+00   3.000E-01
  64  93 157  Gd   1  1.5 -     7.937                                                                           5.740E-02   3.800E-03                           2.200E+00   7.000E-01
  64  94 158  Gd   1  0.0 +     5.943                                                                           5.310E-02   1.800E-03                           1.300E+00   4.000E-01
  64  96 160  Gd   1  0.0 +     5.635                                                                           4.700E-02   3.300E-03                           8.000E-01   2.000E-01
  65  93 158  Tb   1  3.0 -     8.133                                                                                                                           1.860E+00   9.000E-02
  65  94 159  Tb   1  1.5 +     6.374                                                                                                                           1.860E+00   9.000E-02
  66  94 160  Dy   1  0.0 +     6.454                                                                           5.500E-02   5.000E-03                           1.900E+00   4.000E-01
  66  95 161  Dy   1  2.5 +     8.197                                                                           7.430E-02   1.800E-03                           1.600E+00   4.000E-01
  66  96 162  Dy   1  0.0 +     6.271                                                                                                                           1.600E+00   4.000E-01
  66  97 163  Dy   1  2.5 -     7.658                                                                           7.970E-02   1.700E-03                           1.700E+00   3.000E-01
  66  98 164  Dy   1  0.0 +     5.715                                                                           5.230E-02   1.800E-03                           1.280E+00   2.900E-01
  67  98 165  Ho   1  3.5 -     6.243                                                                           4.550E-02   2.000E-03                           1.300E+00   7.000E-02
  68  98 166  Er   1  0.0 +     6.436                                                                           5.600E-02   2.500E-03                           1.400E+00   2.000E-01
  68  99 167  Er   1  3.5 +     7.771                                                                           5.350E-02   3.200E-03                           1.510E+00   6.000E-02
  68 100 168  Er   1  0.0 +     6.003                                                                           5.630E-02   1.700E-03                           1.030E+00   8.000E-02
  68 102 170  Er   1  0.0 +     5.681                                                                           3.660E-02   2.400E-03                           1.380E+00   2.300E-01
  69 100 169  Tm   1  0.5 +     6.591                                                                           6.490E-02   6.300E-03                           1.090E+00   7.000E-02
  70  98 168  Yb   1  0.0 +     6.867                                                                           6.200E-02   3.000E-03                                                
  70 100 170  Yb   1  0.0 +     6.614                                                                                                                           1.100E+00   3.000E-01
  70 101 171  Yb   1  0.5 -     8.019                                                                           4.390E-02   1.400E-03                           2.220E+00   3.000E-01
  70 102 172  Yb   1  0.0 +     6.367                                                                           6.290E-02   1.000E-03                           1.000E+00   3.000E-01
  70 103 173  Yb   1  2.5 -     7.465                                                                           5.470E-02   2.800E-03                           1.000E+00   3.000E-01
  70 104 174  Yb   1  0.0 +     5.822                                                                           4.720E-02   2.200E-03                           8.000E-01   3.000E-01
  70 106 176  Yb   1  0.0 +     5.566                                                                           3.820E-02   2.200E-03                           7.200E-01   7.000E-02
  71 104 175  Lu   1  3.5 +     6.287                                                                           3.600E-02   1.100E-03                           7.000E-01   1.000E-01
  71 105 176  Lu   1  7.0 -     7.073                                                                           3.710E-02   2.300E-03                           9.400E-01   7.000E-02
  72 102 174  Hf   1  0.0 +     6.708                                                                           4.810E-02   4.000E-03                           1.000E+00   2.000E-01
  72 104 176  Hf   1  0.0 +     6.376                                                                                                                           8.000E-01   7.000E-02
  72 105 177  Hf   1  3.5 -     7.625                                                                           4.260E-02   1.300E-03                           1.000E+00   5.000E-02
  72 106 178  Hf   1  0.0 +     6.099                                                                           3.930E-02   1.200E-03                           8.000E-01   1.400E-01
  72 107 179  Hf   1  4.5 +     7.387                                                                           3.700E-02   3.000E-03                           8.300E-01   1.000E-01
  72 108 180  Hf   1  0.0 +     5.695                                                                           3.130E-02   1.100E-03                           7.100E-01   1.300E-01
  73 107 180  Ta   1  1.0 +     7.576                                                                           2.500E-02   4.000E-03                           7.000E-01   3.000E-01
  73 108 181  Ta   1  3.5 +     6.063                                                                           4.340E-02   4.300E-03                           5.000E-01   2.000E-01
  74 106 180  W    1  0.0 +     6.669                                                                                                                           7.200E-01   1.500E-01
  74 108 182  W    1  0.0 +     6.191                                                                           4.180E-02   7.000E-04                           7.200E-01   6.000E-02
  74 109 183  W    1  0.5 -     7.410                                                                                                                           7.500E-01   3.000E-02
  74 110 184  W    1  0.0 +     5.754                                                                           3.840E-02   1.400E-03                           7.200E-01   7.000E-02
  74 112 186  W    1  0.0 +     5.466                                                                           3.200E-02   3.000E-03                           7.200E-01   2.000E-01
  75 110 185  Re   1  2.5 +     6.179                                                                           4.870E-02   8.000E-03                           7.000E-01   3.000E-01
  75 112 187  Re   1  2.5 +     5.871                                                                           4.600E-02   6.000E-03                           7.000E-01   3.000E-01
  76 110 186  Os   1  0.0 +     6.290                                                                           3.130E-02   3.000E-03                           6.000E-01   2.000E-01
  76 111 187  Os   1  0.5 -     7.989                                                                           4.450E-02   3.300E-03                           6.000E-01   2.000E-01
  76 112 188  Os   1  0.0 +     5.921                                                                           3.380E-02   3.400E-03                                                
  76 113 189  Os   1  1.5 -     7.792                                                                           4.400E-02   4.000E-03                                                
  76 114 190  Os   1  0.0 +     5.758                                                                           3.300E-02   4.000E-03                                                
  77 114 191  Ir   1  1.5 +     6.198                                                                           3.880E-02   3.700E-03                                                
  77 116 193  Ir   1  1.5 +     6.067                                                                           4.300E-02   3.800E-03                                                
  78 114 192  Pt   1  0.0 +     6.262                                                                           4.700E-02   3.000E-03                                                
  78 116 194  Pt   1  0.0 +     6.105                                                                           4.900E-02   2.900E-03                                                
  78 117 195  Pt   1  0.5 -     7.922                                                                           7.100E-02   8.000E-03                           5.400E-01   4.000E-02
  78 118 196  Pt   1  0.0 +     5.846                                                                           6.600E-02   3.000E-03                                                
  79 118 197  Au   1  1.5 +     6.512                                                                           4.000E-02   4.000E-03                           5.800E-01   8.000E-02
  80 118 198  Hg   1  0.0 +     6.663                                                                           7.210E-02   6.400E-03                           5.000E-01   1.000E-01
  80 119 199  Hg   1  0.5 -     8.028                                                                           1.385E-01   1.890E-02                           4.000E-01   1.000E-01
  80 120 200  Hg   1  0.0 +     6.231   2.000E+02   4.000E+01   1.800E+02   2.200E+01                           2.246E-01   3.500E-02   6.000E-01   1.500E-01   5.300E-01   1.300E-01
  80 121 201  Hg   1  1.5 -     7.753                                                                           1.780E-01   4.000E-02                                                
  80 122 202  Hg   1  0.0 +     5.995                           1.300E+03   1.400E+02                                                                                                
  80 124 204  Hg   1  0.0 +     5.669                           4.120E+03   6.200E+02                                                                                                
  81 122 203  Tl   1  0.5 +     6.656   2.000E+02   2.000E+01   2.440E+02   2.300E+01   3.500E-01   9.000E-02   3.500E-01   9.000E-02   2.600E-01   5.000E-02   2.600E-01   5.000E-02
  81 124 205  Tl   1  0.5 +     6.503   1.140E+03   8.000E+01   1.140E+03   8.000E+01   3.300E-01   5.000E-02   3.300E-01   5.000E-02   3.100E-01   6.000E-02   3.100E-01   6.000E-02
  82 122 204  Pb   1  0.0 +     6.731   6.900E+02   6.000E+01   6.900E+02   5.500E+01   1.350E-01   2.500E-02   1.350E-01   2.500E-02   3.500E-01   6.000E-02   3.500E-01   6.000E-02
  82 124 206  Pb   1  0.0 +     6.737   5.400E+03   5.000E+02   4.780E+03   2.100E+02   3.500E-01   1.500E-01   4.550E-01   5.000E-02   3.700E-01   1.000E-01   2.600E-01   3.000E-02
  82 125 207  Pb   1  0.5 -     7.368   4.800E+03   8.000E+02   4.650E+03   5.200E+02   4.700E-01   1.700E-01   2.700E-01   3.000E-02   5.000E-01   1.000E-01   4.500E-01   7.000E-02
  82 126 208  Pb   1  0.0 +     3.937   3.000E+04   5.000E+03                                                                           3.300E-01   6.000E-02   3.000E-01   9.000E-02
  83 126 209  Bi   1  4.5 -     4.604   1.050E+03   1.000E+02   1.110E+03   9.000E+01   3.900E-02   1.200E-02   2.600E-02   3.000E-03   2.500E-01   5.000E-02   2.700E-01   5.000E-02
  90 142 232  Th   1  0.0 +     4.786   5.900E+00   2.000E-01                                                   1.940E-02   4.000E-04   1.500E+00   3.000E-01   1.350E+00   4.000E-02
  92 143 235  U    1  3.5 -     6.545                                                                                                                           1.800E+00   3.000E-01
  92 144 236  U    1  0.0 +     5.126                                                                           2.140E-02   4.000E-04                           2.300E+00   4.000E-01
  92 146 238  U    1  0.0 +     4.806   7.700E+00   3.000E+00   7.420E+00   2.300E-01                           1.720E-02   4.000E-04   1.600E+00   2.000E-01   2.170E+00   1.900E-01
  93 144 237  Np   1  2.5 +     5.488                                                                           2.040E-02   1.000E-03                           2.000E+00   2.000E-01
  94 145 239  Pu   1  0.5 +     6.534                                                                                                                           2.300E+00   4.000E-01
  94 146 240  Pu   1  0.0 +     5.241                                                                           2.190E-02   2.400E-02                           2.000E+00   2.000E-01
  94 148 242  Pu   1  0.0 +     5.033                                                                           1.710E-02   1.200E-03                                                
  95 146 241  Am   1  2.5 -     5.537                                                                           2.150E-02   1.000E-03                                                
  95 148 243  Am   1  2.5 -     5.367                                                                           1.960E-02   1.200E-03                                                
